  can0  428   [7]  03 01 00 00 D7 D5 2E
  can0  1D0   [8]  00 00 00 00 00 00 00 0A
  can0  1B0   [7]  00 0F 00 05 00 00 26
  can0  1AA   [8]  7F FF 00 00 00 00 61 26
  can0  136   [8]  00 00 00 00 00 00 00 0E
  can0  13A   [8]  28 00 31 00 00 00 00 84
  can0  13F   [8]  00 D4 00 D6 00 00 00 01
  can0  17C   [8]  00 00 02 83 00 00 00 07
  can0  039   [2]  00 39
  can0  196   [8]  C2 7F 00 FF 44 80 01 72
  can0  3F8   [8]  00 00 00 00 16 23 11 66
  can0  158   [8]  00 00 02 6C 00 00 00 06
  can0  188   [6]  00 00 00 01 40 3F
  can0  164   [8]  04 00 00 17 AB 00 00 84
  can0  136   [8]  00 00 00 00 00 00 00 1D
  can0  13A   [8]  28 00 31 00 00 00 00 93
  can0  13F   [8]  00 D4 00 D2 00 00 00 14
  can0  196   [8]  BA 7F 00 FF 66 80 0A 54
  can0  3F8   [8]  00 00 00 00 0A 20 1A 6F
  can0  333   [7]  01 00 00 00 00 00 1D
  can0  158   [8]  00 00 02 6C 00 00 00 15
  can0  164   [8]  04 00 00 17 AA 00 00 94
  can0  188   [6]  00 00 00 01 40 02
  can0  294   [8]  04 16 40 02 6F 9A 00 3D
  can0  1D0   [8]  00 00 00 00 00 00 00 0A
  can0  1B0   [7]  00 0F 00 05 00 00 35
  can0  196   [8]  B6 7F 00 FF 43 80 03 A3
  can0  3F8   [8]  00 00 00 00 1C 00 13 F2
  can0  158   [8]  00 00 02 6C 00 00 00 24
  can0  039   [2]  00 2A
  can0  188   [6]  00 00 00 01 40 11
  can0  164   [8]  04 00 00 17 AB 00 00 A2
  can0  136   [8]  00 00 00 00 00 00 00 3B
  can0  13A   [8]  28 00 31 00 00 00 00 B1
  can0  13F   [8]  00 D4 00 D2 00 00 00 32
  can0  196   [8]  BF 7F 00 FF 54 80 0C 05
  can0  3F8   [8]  00 00 00 00 12 28 1C 6F
  can0  158   [8]  00 00 02 6B 00 00 00 34
  can0  188   [6]  00 00 00 01 40 20
  can0  164   [8]  04 00 00 17 AB 00 00 B1
  can0  1D0   [8]  00 00 00 00 00 00 00 0A
  can0  1B0   [7]  00 0F 00 05 00 00 08
  can0  1AA   [8]  7F FF 00 00 00 00 62 07
  can0  136   [8]  00 00 00 00 00 00 00 0E
  can0  196   [8]  C0 7F 00 FF 5C 80 05 A8
  can0  3F8   [8]  00 00 00 00 0A 22 15 4C
  can0  158   [8]  00 00 02 6C 00 00 00 06
  can0  188   [6]  00 00 00 01 40 3F
  can0  164   [8]  04 00 00 17 AB 00 00 84
  can0  136   [8]  00 00 00 00 00 00 00 1D
  can0  13A   [8]  28 00 31 00 00 00 00 93
  can0  13F   [8]  00 D4 00 D6 00 00 00 10
  can0  17C   [8]  00 00 02 86 00 00 00 13
  can0  039   [2]  00 1B
  can0  1D0   [8]  00 00 00 00 00 00 00 0A
  can0  1B0   [7]  00 0F 00 05 00 00 17
  can0  1AA   [8]  7F FF 00 00 00 00 62 16
  can0  136   [8]  00 00 00 00 00 00 00 2C
  can0  13A   [8]  28 00 31 00 00 00 00 A2
  can0  13F   [8]  00 D6 00 D4 00 00 00 2F
  can0  17C   [8]  00 00 02 86 00 00 00 22
  can0  1A4   [8]  00 00 00 00 00 00 00 18
  can0  1DC   [4]  02 02 86 39
  can0  136   [8]  00 00 00 00 00 00 00 3B
  can0  13A   [8]  28 00 31 00 00 00 00 B1
  can0  13F   [8]  00 D6 00 D3 00 00 00 3F
  can0  17C   [8]  00 00 02 8B 00 00 00 3C
  can0  196   [8]  BD 7F 00 FF 64 80 08 E3
  can0  3F8   [8]  00 00 00 00 0A 00 18 20
  can0  039   [2]  00 0C
  can0  158   [8]  00 00 02 6F 00 00 00 30
  can0  164   [8]  04 00 00 17 AB 00 00 B1
  can0  188   [6]  00 00 00 01 40 20
  can0  196   [8]  BA 7F 00 FF 48 80 01 A2
  can0  3F8   [8]  00 00 00 00 12 00 11 C1
  can0  158   [8]  00 00 02 70 00 00 00 01
  can0  188   [6]  00 00 00 01 40 3F
  can0  164   [8]  04 00 00 17 AB 00 00 84
  can0  136   [8]  00 00 00 00 00 00 00 1D
  can0  13A   [8]  28 00 31 00 00 00 00 93
  can0  13F   [8]  00 D4 00 D5 00 00 00 11
  can0  17C   [8]  00 00 02 89 00 00 00 10
  can0  1B0   [7]  00 0F 00 05 00 00 35
  can0  136   [8]  00 00 00 00 00 00 00 2C
  can0  13A   [8]  28 00 31 00 00 00 00 A2
  can0  13F   [8]  00 D4 00 D3 00 00 00 22
  can0  17C   [8]  00 00 02 89 00 00 00 2F
  can0  1AA   [8]  7F FF 00 00 00 00 61 35
  can0  1A4   [8]  00 00 00 00 00 00 00 36
  can0  1DC   [4]  02 02 89 18
  can0  320   [3]  00 00 12
  can0  158   [8]  00 00 02 6E 00 00 00 22
  can0  188   [6]  00 00 00 01 40 11
  can0  164   [8]  04 00 00 17 AB 00 00 A2
  can0  136   [8]  00 00 00 00 00 00 00 3B
  can0  13A   [8]  28 00 31 00 00 00 00 B1
  can0  13F   [8]  00 D4 00 D6 00 00 00 3E
  can0  17C   [8]  00 00 02 84 00 00 00 33
  can0  196   [8]  BE 7F 00 FF 64 80 04 98
  can0  3F8   [8]  00 00 00 00 22 08 14 DA
  can0  039   [2]  00 2A
  can0  196   [8]  B8 7F 00 FF 5D 80 0D 15
  can0  3F8   [8]  00 00 00 00 10 33 1D 4B
  can0  158   [8]  00 00 02 6E 00 00 00 04
  can0  188   [6]  00 00 00 01 40 3F
  can0  164   [8]  04 00 00 17 AB 00 00 84
  can0  136   [8]  00 00 00 00 00 00 00 1D
  can0  13A   [8]  28 00 31 00 00 00 00 93
  can0  13F   [8]  00 D4 00 D3 00 00 00 13
  can0  17C   [8]  00 00 02 8B 00 00 00 1E
  can0  196   [8]  BF 7F 00 FF 70 80 06 E1
  can0  3F8   [8]  00 00 00 00 04 29 16 EC
  can0  158   [8]  00 00 02 72 00 00 00 1E
  can0  164   [8]  04 00 00 17 AA 00 00 94
  can0  188   [6]  00 00 00 01 40 02
  can0  294   [8]  04 16 40 02 6F 9A 00 2E
  can0  1D0   [8]  00 00 00 00 00 00 00 0A
  can0  1B0   [7]  00 0F 00 05 00 00 17
  can0  136   [8]  00 00 00 00 00 00 00 2C
  can0  196   [8]  BB 7F 00 FF 62 80 0F 66
  can0  3F8   [8]  00 00 00 00 16 01 1F 2D
  can0  039   [2]  00 1B
  can0  158   [8]  00 00 02 72 00 00 00 2D
  can0  188   [6]  00 00 00 01 40 11
  can0  164   [8]  04 00 00 17 AB 00 00 A2
  can0  136   [8]  00 00 00 00 00 00 00 3B
  can0  13A   [8]  28 00 31 00 00 00 00 B1
  can0  13F   [8]  00 D4 00 D3 00 00 00 31
  can0  196   [8]  B1 7F 00 FF 6B 80 08 DE
  can0  3F8   [8]  00 00 00 00 0C 20 18 50
  can0  333   [7]  01 00 00 00 00 00 0E
  can0  158   [8]  00 00 02 6E 00 00 00 31
  can0  188   [6]  00 00 00 01 40 20
  can0  164   [8]  04 00 00 17 AB 00 00 B1
  can0  1D0   [8]  00 00 00 00 00 00 00 0A
  can0  1B0   [7]  00 0F 00 05 00 00 26
  can0  136   [8]  00 00 00 00 00 00 00 0E
  can0  196   [8]  B4 7F 00 FF 57 80 01 3D
  can0  3F8   [8]  00 00 00 00 04 12 11 F0
  can0  158   [8]  00 00 02 6E 00 00 00 04
  can0  188   [6]  00 00 00 01 40 3F
  can0  164   [8]  04 00 00 17 AB 00 00 84
  can0  136   [8]  00 00 00 00 00 00 00 1D
  can0  13A   [8]  28 00 31 00 00 00 00 93
  can0  13F   [8]  00 D4 00 D2 00 00 00 14
  can0  039   [2]  00 0C
  can0  196   [8]  BA 7F 00 FF 45 80 0A E8
  can0  3F8   [8]  00 00 00 00 16 20 1A 7D
  can0  158   [8]  00 00 02 73 00 00 00 1D
  can0  188   [6]  00 00 00 01 40 02
  can0  164   [8]  04 00 00 17 AB 00 00 93
  can0  1D0   [8]  00 00 00 00 00 00 00 0A
  can0  1B0   [7]  00 0F 00 05 00 00 35
  can0  136   [8]  00 00 00 00 00 00 00 2C
  can0  13A   [8]  28 00 31 00 00 00 00 A2
  can0  196   [8]  B7 7F 00 FF 5F 80 03 EC
  can0  3F8   [8]  00 00 00 00 02 21 13 DA
  can0  158   [8]  00 00 02 70 00 00 00 2F
  can0  188   [6]  00 00 00 01 40 11
  can0  164   [8]  04 00 00 17 AA 00 00 A3
  can0  136   [8]  00 00 00 00 00 00 00 3B
  can0  13A   [8]  28 00 31 00 00 00 00 B1
  can0  13F   [8]  00 D6 00 D5 00 00 00 3D
  can0  17C   [8]  00 00 02 86 00 00 00 31
  can0  158   [8]  00 00 02 6E 00 00 00 31
  can0  188   [6]  00 00 00 01 40 20
  can0  164   [8]  04 00 00 17 AB 00 00 B1
  can0  1D0   [8]  00 00 00 00 00 00 00 0A
  can0  1B0   [7]  00 0F 00 05 00 00 08
  can0  136   [8]  00 00 00 00 00 00 00 0E
  can0  13A   [8]  28 00 31 00 00 00 00 84
  can0  13F   [8]  00 D4 00 D3 00 00 00 04
  can0  196   [8]  B5 7F 00 FF 52 80 05 9D
  can0  3F8   [8]  00 00 00 00 06 02 15 33
  can0  158   [8]  00 00 02 6D 00 00 00 05
  can0  188   [6]  00 00 00 01 40 3F
  can0  164   [8]  04 00 00 17 AB 00 00 84
  can0  136   [8]  00 00 00 00 00 00 00 1D
  can0  13A   [8]  28 00 31 00 00 00 00 93
  can0  13F   [8]  00 D4 00 D6 00 0A 00 16
  can0  17C   [8]  00 00 02 87 00 00 00 12
  can0  1D0   [8]  00 00 00 00 00 00 00 0A
  can0  039   [2]  00 39
  can0  136   [8]  00 00 00 00 00 00 00 2C
  can0  13A   [8]  28 00 31 00 00 00 00 A2
  can0  13F   [8]  00 D4 00 D4 00 0A 00 27
  can0  17C   [8]  00 00 02 87 00 00 00 21
  can0  1B0   [7]  00 0F 00 05 00 00 17
  can0  1AA   [8]  7F FF 00 00 00 00 61 17
  can0  1A4   [8]  00 00 00 00 00 00 00 18
  can0  158   [8]  00 00 02 6F 00 00 00 21
  can0  188   [6]  00 00 00 01 40 11
  can0  164   [8]  04 00 00 17 AB 00 00 A2
  can0  136   [8]  00 00 00 00 00 00 00 3B
  can0  13A   [8]  28 00 31 00 00 00 00 B1
  can0  13F   [8]  00 D4 00 D1 FF CE 00 3B
  can0  17C   [8]  00 00 02 8A 00 00 00 3D
  can0  196   [8]  B8 7F 00 FF 58 80 08 F5
  can0  3F8   [8]  00 00 00 00 08 23 18 82
  can0  039   [2]  00 2A
  can0  196   [8]  C2 7F 00 FF 54 80 01 6A
  can0  3F8   [8]  00 00 00 00 1A 00 11 CD
  can0  158   [8]  00 00 02 6F 00 00 00 03
  can0  188   [6]  00 00 00 01 40 3F
  can0  164   [8]  04 00 00 17 AB 00 00 84
  can0  136   [8]  00 00 00 00 00 00 00 1D
  can0  13A   [8]  28 00 31 00 00 00 00 93
  can0  13F   [8]  00 D4 00 D5 00 00 00 11
  can0  17C   [8]  00 00 02 86 00 00 00 13
  can0  294   [8]  04 16 40 02 6F 9A 00 3D
  can0  405   [8]  00 10 04 00 00 00 00 19
  can0  1D0   [8]  00 00 00 00 00 00 00 0A
  can0  1B0   [7]  00 0F 00 05 00 00 35
  can0  136   [8]  00 00 00 00 00 00 00 2C
  can0  13A   [8]  28 00 31 00 00 00 00 A2
  can0  13F   [8]  00 D4 00 D2 00 0A 00 29
  can0  17C   [8]  00 00 02 8D 00 00 00 2B
  can0  196   [8]  B1 7F 00 FF 59 80 03 3A
  can0  039   [2]  00 1B
  can0  3F8   [8]  00 00 00 00 04 22 13 0B
  can0  158   [8]  00 00 02 70 00 00 00 2F
  can0  188   [6]  00 00 00 01 40 11
  can0  164   [8]  04 00 00 17 AB 00 00 A2
  can0  136   [8]  00 00 00 00 00 00 00 3B
  can0  13A   [8]  28 00 31 00 00 00 00 B1
  can0  13F   [8]  00 D4 00 D5 00 0A 00 35
  can0  196   [8]  BA 7F 00 FF 5E 80 0C 3E
  can0  3F8   [8]  00 00 00 00 16 00 1C 46
  can0  333   [7]  01 00 00 00 00 00 2C
  can0  158   [8]  00 00 02 72 00 00 00 3C
  can0  188   [6]  00 00 00 01 40 20
  can0  164   [8]  04 00 00 17 AA 00 00 B2
  can0  1D0   [8]  00 00 00 00 00 00 00 0A
  can0  1B0   [7]  00 0F 00 05 00 00 08
  can0  136   [8]  00 00 00 00 00 00 00 0E
  can0  196   [8]  B3 7F 00 FF 42 80 05 56
  can0  3F8   [8]  00 00 00 00 0E 20 15 D2
  can0  158   [8]  00 00 02 72 00 00 00 0F
  can0  188   [6]  00 00 00 01 40 3F
  can0  164   [8]  04 00 00 17 AB 00 00 84
  can0  039   [2]  00 0C
  can0  305   [2]  80 35
  can0  136   [8]  00 00 00 00 00 00 00 1D
  can0  13A   [8]  28 00 31 00 00 00 00 93
  can0  13F   [8]  00 D4 00 D5 00 0A 00 17
  can0  196   [8]  BE 7F 00 FF 2D 80 0E A9
  can0  3F8   [8]  00 00 00 00 04 20 1E 12
  can0  158   [8]  00 00 02 72 00 00 00 1E
  can0  188   [6]  00 00 00 01 40 02
  can0  164   [8]  04 00 00 17 AB 00 00 93
  can0  294   [8]  04 16 40 02 6F 9A 00 00
  can0  1D0   [8]  00 00 00 00 00 00 00 0A
  can0  136   [8]  00 00 00 00 00 00 00 2C
  can0  13A   [8]  28 00 31 00 00 00 00 A2
  can0  196   [8]  BD 7F 00 FF 4D 80 07 EB
  can0  3F8   [8]  00 00 00 00 02 20 17 E2
  can0  158   [8]  00 00 02 73 00 00 00 2C
  can0  188   [6]  00 00 00 01 40 11
  can0  164   [8]  04 00 00 17 AB 00 00 A2
  can0  136   [8]  00 00 00 00 00 00 00 3B
  can0  13A   [8]  28 00 31 00 00 00 00 B1
  can0  13F   [8]  00 D4 00 D4 00 00 00 30
  can0  17C   [8]  00 00 02 8E 00 00 00 39
  can0  039   [2]  00 39
  can0  13F   [8]  00 D4 00 D2 00 00 00 05
  can0  17C   [8]  00 00 02 91 00 00 00 08
  can0  1AA   [8]  7F FF 00 00 00 00 61 26
  can0  1A4   [8]  00 00 00 00 00 00 00 27
  can0  1DC   [4]  02 02 91 00
  can0  196   [8]  B6 7F 00 FF 4F 80 01 93
  can0  3F8   [8]  00 00 00 00 04 00 11 DC
  can0  158   [8]  00 00 02 74 00 00 00 0D
  can0  188   [6]  00 00 00 01 40 3F
  can0  164   [8]  04 00 00 17 AA 00 00 85
  can0  196   [8]  BA 7F 00 FF 62 80 0A 52
  can0  3F8   [8]  00 00 00 00 12 0F 1A AD
  can0  039   [2]  00 2A
  can0  158   [8]  00 00 02 75 00 00 00 1B
  can0  164   [8]  04 00 00 17 AA 00 00 94
  can0  188   [6]  00 00 00 01 40 02
  can0  294   [8]  04 16 40 02 6F 9A 00 3D
  can0  1D0   [8]  00 00 00 00 00 00 00 0A
  can0  1B0   [7]  00 0F 00 05 00 00 35
  can0  196   [8]  B2 7F 00 FF 3E 80 03 07
  can0  3F8   [8]  00 00 00 00 24 00 13 D6
  can0  158   [8]  00 00 02 75 00 00 00 2A
  can0  188   [6]  00 00 00 01 40 11
  can0  164   [8]  04 00 00 17 AB 00 00 A2
  can0  136   [8]  00 00 00 00 00 00 00 3B
  can0  13A   [8]  28 00 31 00 00 00 00 B1
  can0  13F   [8]  00 D4 00 D3 00 0A 00 37
  can0  17C   [8]  00 00 02 90 00 00 00 36
  can0  1D0   [8]  00 00 00 00 00 00 00 0A
  can0  1B0   [7]  00 0F 00 05 00 00 08
  can0  136   [8]  00 00 00 00 00 00 00 0E
  can0  13A   [8]  28 00 31 00 00 00 00 84
  can0  13F   [8]  00 D4 00 D7 00 0A 00 06
  can0  17C   [8]  00 00 02 8A 00 00 00 00
  can0  1AA   [8]  7F FF 00 00 00 00 61 08
  can0  1A4   [8]  00 00 00 00 00 00 00 09
  can0  1DC   [4]  02 02 8A 26
  can0  158   [8]  00 00 02 72 00 00 00 0F
  can0  188   [6]  00 00 00 01 40 3F
  can0  164   [8]  04 00 00 17 AA 00 00 85
  can0  136   [8]  00 00 00 00 00 00 00 1D
  can0  13A   [8]  28 00 31 00 00 00 00 93
  can0  13F   [8]  00 D4 00 D2 00 14 00 1F
  can0  17C   [8]  00 00 02 91 00 00 00 17
  can0  196   [8]  BC 7F 00 FF 47 80 06 A4
  can0  3F8   [8]  00 00 00 00 08 26 16 45
  can0  039   [2]  00 0C
  can0  196   [8]  BF 7F 00 FF 51 80 0F AB
  can0  3F8   [8]  00 00 00 00 1A 21 1F 52
  can0  158   [8]  00 00 02 74 00 00 00 2B
  can0  188   [6]  00 00 00 01 40 11
  can0  164   [8]  04 00 00 17 AA 00 00 A3
  can0  136   [8]  00 00 00 00 00 00 00 3B
  can0  13A   [8]  28 00 31 00 00 00 00 B1
  can0  13F   [8]  00 D4 00 D5 FF B0 00 36
  can0  196   [8]  B1 7F 00 FF 43 80 08 E2
  can0  3F8   [8]  00 00 00 00 10 26 18 F7
  can0  158   [8]  00 00 02 71 00 00 00 3D
  can0  164   [8]  04 00 00 17 AB 00 00 B1
  can0  188   [6]  00 00 00 01 40 20
  can0  1D0   [8]  00 00 00 00 00 00 00 0A
  can0  136   [8]  00 00 00 00 00 00 00 0E
  can0  13A   [8]  28 00 31 00 00 00 00 84
  can0  13F   [8]  00 D4 00 D3 00 0A 00 0A
  can0  196   [8]  B1 7F 00 FF 31 80 01 5C
  can0  3F8   [8]  00 00 00 00 08 33 11 C3
  can0  039   [2]  00 39
  can0  158   [8]  00 00 02 73 00 00 00 0E
  can0  188   [6]  00 00 00 01 40 3F
  can0  164   [8]  04 00 00 17 AB 00 00 84
  can0  136   [8]  00 00 00 00 00 00 00 1D
  can0  13A   [8]  28 00 31 00 00 00 00 93
  can0  13F   [8]  00 D4 00 D3 FF EC 00 1B
  can0  196   [8]  B6 7F 00 FF 3A 80 0A 9D
  can0  3F8   [8]  00 00 00 00 1A 29 1A 61
  can0  333   [7]  01 00 00 00 00 00 1D
  can0  158   [8]  00 00 02 71 00 00 00 1F
  can0  164   [8]  04 00 00 17 AA 00 00 94
  can0  188   [6]  00 00 00 01 40 02
  can0  294   [8]  04 16 40 02 6F 9A 00 3D
  can0  1D0   [8]  00 00 00 00 00 00 00 0A
  can0  136   [8]  00 00 00 00 00 00 00 2C
  can0  196   [8]  BB 7F 00 FF 6D 80 03 7C
  can0  3F8   [8]  00 00 00 00 06 29 13 86
  can0  158   [8]  00 00 02 6D 00 00 00 23
  can0  188   [6]  00 00 00 01 40 11
  can0  164   [8]  04 00 00 17 AB 00 00 A2
  can0  136   [8]  00 00 00 00 00 00 00 3B
  can0  13A   [8]  28 00 31 00 00 00 00 B1
  can0  13F   [8]  00 D6 00 D6 00 14 00 37
  can0  17C   [8]  00 00 02 85 00 00 00 32
  can0  196   [8]  AD 7F 00 FF 4F 80 0C 9E
  can0  3F8   [8]  00 00 00 00 0E 20 1C 27
  can0  158   [8]  00 00 02 6D 00 00 00 32
  can0  188   [6]  00 00 00 01 40 20
  can0  164   [8]  04 00 00 17 AA 00 00 B2
  can0  1D0   [8]  00 00 00 00 00 00 00 0A
  can0  136   [8]  00 00 00 00 00 00 00 0E
  can0  13A   [8]  28 00 31 00 00 00 00 84
  can0  13F   [8]  00 D4 00 D1 00 00 00 06
  can0  196   [8]  AE 7F 00 FF 57 80 05 98
  can0  3F8   [8]  00 00 00 00 0A 12 15 8D
  can0  158   [8]  00 00 02 6D 00 00 00 05
  can0  188   [6]  00 00 00 01 40 3F
  can0  164   [8]  04 00 00 17 AB 00 00 84
  can0  136   [8]  00 00 00 00 00 00 00 1D
  can0  13A   [8]  2E 00 31 00 00 00 00 9D
  can0  13F   [8]  00 D4 00 D6 00 00 00 10
  can0  17C   [8]  00 00 02 85 00 00 00 14
  can0  039   [2]  00 1B
  can0  13A   [8]  2E 00 31 00 00 00 00 AC
  can0  13F   [8]  01 D8 01 99 00 00 00 2A
  can0  17C   [8]  00 00 02 7E 00 00 00 2B
  can0  1B0   [7]  00 0F 00 0F 00 00 1D
  can0  1AA   [8]  7F FF 00 00 00 00 61 17
  can0  1A4   [8]  00 00 00 00 00 00 00 18
  can0  1DC   [4]  02 02 7E 32
  can0  305   [2]  80 08
  can0  196   [8]  B4 7F 00 FF 3E 80 0F 48
  can0  3F8   [8]  00 00 00 00 1E 0D 1F 56
  can0  196   [8]  9D 7F 00 FF 41 80 08 35
  can0  039   [2]  00 0C
  can0  3F8   [8]  00 00 00 00 0C 20 18 50
  can0  158   [8]  00 00 02 60 00 00 00 3F
  can0  164   [8]  04 00 00 17 AB 00 00 B1
  can0  188   [6]  00 00 00 01 40 20
  can0  1D0   [8]  00 00 00 00 00 00 00 0A
  can0  136   [8]  00 00 00 00 00 00 00 0E
  can0  13A   [8]  2E 00 31 00 00 00 00 8E
  can0  196   [8]  B1 7F 00 FF 4E 80 01 92
  can0  3F8   [8]  00 00 00 00 04 00 11 DC
  can0  158   [8]  00 00 02 58 00 00 00 0B
  can0  188   [6]  00 00 00 01 40 3F
  can0  164   [8]  04 00 00 17 AB 00 00 84
  can0  136   [8]  00 00 00 00 00 00 00 1D
  can0  13A   [8]  2E 00 31 00 00 00 00 9D
  can0  13F   [8]  01 10 01 23 00 00 00 1C
  can0  17C   [8]  00 00 02 6B 00 00 00 10
  can0  039   [2]  00 2A
  can0  17C   [8]  00 00 02 7A 00 00 00 2F
  can0  1B0   [7]  00 0F 00 1F 00 00 3A
  can0  1AA   [8]  7F FF 00 00 00 00 61 35
  can0  1A4   [8]  00 00 00 00 00 00 00 36
  can0  1DC   [4]  02 02 7A 18
  can0  320   [3]  00 00 12
  can0  324   [8]  8A 6A 1B 3E 00 00 00 1F
  can0  37C   [8]  00 00 00 00 00 7F 00 1B
  can0  40C   [8]  02 38 33 32 38 4C 30 3F
  can0  158   [8]  00 00 02 71 00 00 00 2E
  can0  188   [6]  00 00 00 01 40 11
  can0  164   [8]  04 00 00 17 AB 00 00 A2
  can0  136   [8]  00 00 00 00 00 00 00 3B
  can0  13A   [8]  2E 00 31 00 00 00 00 BB
  can0  13F   [8]  01 18 01 18 00 00 00 3E
  can0  17C   [8]  00 00 02 A9 00 00 00 3C
  can0  196   [8]  B1 7F 00 FF 36 80 04 BF
  can0  3F8   [8]  00 00 00 00 0A 20 14 C9
  can0  039   [2]  00 2A
  can0  196   [8]  C8 7F 00 FF 45 80 0D 09
  can0  3F8   [8]  00 00 00 00 02 19 1D E7
  can0  158   [8]  00 00 02 9F 00 00 00 00
  can0  188   [6]  00 00 00 01 40 3F
  can0  164   [8]  04 00 00 17 AB 00 00 84
  can0  136   [8]  00 00 00 00 00 00 00 1D
  can0  13A   [8]  2E 00 31 00 00 00 00 9D
  can0  13F   [8]  01 18 01 1E 00 96 00 1B
  can0  17C   [8]  00 00 02 C7 00 00 00 1E
  can0  188   [6]  00 00 00 01 40 02
  can0  294   [8]  04 16 40 02 6F 9A 00 2E
  can0  1D0   [8]  00 00 00 00 00 00 00 0A
  can0  136   [8]  00 00 00 00 00 00 00 2C
  can0  13A   [8]  2E 00 31 00 00 00 00 AC
  can0  13F   [8]  01 1B 01 1A 00 00 00 2A
  can0  17C   [8]  00 00 02 EB 00 00 00 27
  can0  1B0   [7]  00 0F 00 2A 00 00 10
  can0  196   [8]  AE 7F 00 FF 75 80 0F 79
  can0  3F8   [8]  00 00 00 00 0A 00 1F 73
  can0  039   [2]  00 1B
  can0  158   [8]  00 00 02 E4 00 00 00 24
  can0  188   [6]  00 00 00 01 40 11
  can0  164   [8]  04 00 00 17 AB 00 00 A2
  can0  136   [8]  00 00 00 00 00 00 00 3B
  can0  13A   [8]  2E 00 31 00 00 00 00 BB
  can0  13F   [8]  01 1B 01 18 00 00 00 3B
  can0  196   [8]  D6 7F 00 FF 3B 80 08 99
  can0  3F8   [8]  00 00 00 00 08 20 18 56
  can0  333   [7]  01 00 00 00 00 00 0E
  can0  158   [8]  00 00 03 13 00 00 00 30
  can0  188   [6]  00 00 00 01 40 20
  can0  164   [8]  04 00 00 17 AA 00 00 B2
  can0  1D0   [8]  00 00 00 00 00 00 00 0A
  can0  136   [8]  00 00 00 00 00 00 00 0E
  can0  13A   [8]  2E 00 31 00 00 00 00 8E
  can0  196   [8]  BE 7F 00 FF 2C 80 01 9D
  can0  3F8   [8]  00 00 00 00 04 0F 11 7F
  can0  158   [8]  00 00 03 33 00 00 00 01
  can0  188   [6]  00 00 00 01 40 3F
  can0  164   [8]  04 00 00 17 AA 00 00 85
  can0  136   [8]  00 00 00 00 00 00 00 1D
  can0  13A   [8]  2E 00 31 00 00 00 00 9D
  can0  13F   [8]  00 F6 00 DD 00 00 00 15
  can0  17C   [8]  00 00 03 54 00 00 00 17
  can0  196   [8]  AD 7F 00 FF 5E 80 0A 47
  can0  3F8   [8]  00 00 00 00 16 03 1A DC
  can0  158   [8]  00 00 03 36 00 00 00 1D
  can0  188   [6]  00 00 00 01 40 02
  can0  164   [8]  04 00 00 17 AA 00 00 94
  can0  294   [8]  04 16 40 02 6F 9A 00 3D
  can0  136   [8]  00 00 00 00 00 00 00 2C
  can0  13A   [8]  2E 00 31 00 00 00 00 AC
  can0  13F   [8]  00 DD 00 E6 FF C4 00 27
  can0  196   [8]  CD 7F 00 FF 83 80 03 3E
  can0  3F8   [8]  00 00 00 00 04 20 13 93
  can0  158   [8]  00 00 03 29 00 00 00 2A
  can0  188   [6]  00 00 00 01 40 11
  can0  164   [8]  04 00 00 17 AB 00 00 A2
  can0  136   [8]  00 00 00 00 00 00 00 3B
  can0  13A   [8]  2E 00 31 00 00 00 00 BB
  can0  13F   [8]  00 DD 00 E1 00 00 00 39
  can0  17C   [8]  00 00 03 30 00 00 00 3B
  can0  039   [2]  00 39
  can0  1D0   [8]  00 00 00 00 00 00 00 0A
  can0  136   [8]  00 00 00 00 00 00 00 0E
  can0  13A   [8]  2E 00 31 00 00 00 00 8E
  can0  13F   [8]  00 DF 00 E2 FF C4 00 0B
  can0  17C   [8]  00 00 03 25 00 00 00 0A
  can0  1B0   [7]  00 0F 00 13 00 00 09
  can0  1AA   [8]  7F FF 00 00 00 00 61 08
  can0  1A4   [8]  00 00 00 00 00 00 00 09
  can0  1DC   [4]  02 03 25 20
  can0  164   [8]  04 00 00 17 AA 00 00 85
  can0  136   [8]  00 00 00 00 00 00 00 1D
  can0  13A   [8]  2E 00 31 00 00 00 00 9D
  can0  13F   [8]  00 DF 00 E4 00 00 00 16
  can0  17C   [8]  00 00 03 15 00 00 00 1A
  can0  196   [8]  B5 7F 00 FF 37 80 06 63
  can0  3F8   [8]  00 00 00 00 0C 2F 16 55
  can0  158   [8]  00 00 03 0F 00 00 00 17
  can0  164   [8]  04 00 00 17 AA 00 00 94
  can0  196   [8]  C2 7F 00 FF 71 80 0F 75
  can0  3F8   [8]  00 00 00 00 02 20 1F 0A
  can0  158   [8]  00 00 03 01 00 00 00 24
  can0  188   [6]  00 00 00 01 40 11
  can0  164   [8]  04 00 00 17 AB 00 00 A2
  can0  136   [8]  00 00 00 00 00 00 00 3B
  can0  13A   [8]  2E 00 31 00 00 00 00 BB
  can0  13F   [8]  00 E1 00 E0 FF E2 00 37
  can0  17C   [8]  00 00 03 0F 00 00 00 3F
  can0  13A   [8]  2E 00 31 00 00 00 00 8E
  can0  13F   [8]  00 E1 00 E0 00 00 00 08
  can0  17C   [8]  00 00 03 04 00 00 00 0D
  can0  1B0   [7]  00 0F 00 0D 00 00 2E
  can0  1AA   [8]  7F FF 00 00 00 00 61 26
  can0  1A4   [8]  00 00 00 00 00 00 00 27
  can0  1DC   [4]  02 03 04 05
  can0  320   [3]  00 00 03
  can0  324   [8]  8A 6A 1B 40 00 00 00 0D
  can0  158   [8]  00 00 02 F0 00 00 00 09
  can0  188   [6]  00 00 00 01 40 3F
  can0  039   [2]  00 2A
  can0  164   [8]  04 00 00 17 AB 00 00 84
  can0  136   [8]  00 00 00 00 00 00 00 1D
  can0  13A   [8]  2E 00 31 00 00 00 00 9D
  can0  13F   [8]  00 E1 00 E0 00 00 00 17
  can0  17C   [8]  00 00 03 04 00 00 00 1C
  can0  196   [8]  C3 7F 00 FF 55 80 02 9F
  can0  3F8   [8]  00 00 00 00 0E 20 12 81
  can0  196   [8]  C0 7F 00 FF 39 80 0B D7
  can0  3F8   [8]  00 00 00 00 04 20 1B 7B
  can0  158   [8]  00 00 02 E9 00 00 00 2F
  can0  188   [6]  00 00 00 01 40 11
  can0  164   [8]  04 00 00 17 AA 00 00 A3
  can0  136   [8]  00 00 00 00 00 00 00 3B
  can0  13A   [8]  2E 00 31 00 00 00 00 BB
  can0  039   [2]  00 0C
  can0  13F   [8]  00 E1 00 E1 FF EC 00 3C
  can0  039   [2]  00 1B
  can0  196   [8]  BE 7F 00 FF 50 80 04 B6
  can0  3F8   [8]  00 00 00 00 02 20 14 C5
  can0  158   [8]  00 00 02 E1 00 00 00 36
  can0  188   [6]  00 00 00 01 40 20
  can0  164   [8]  04 00 00 17 AB 00 00 B1
  can0  405   [8]  00 10 04 00 00 00 00 0A
  can0  428   [7]  03 01 00 00 D7 D5 00
  can0  136   [8]  00 00 00 00 00 00 00 0E
  can0  196   [8]  BF 7F 00 FF 5E 80 0D 17
  can0  3F8   [8]  00 00 00 00 02 20 1D 30
  can0  158   [8]  00 00 02 D5 00 00 00 06
  can0  188   [6]  00 00 00 01 40 3F
  can0  164   [8]  04 00 00 17 AB 00 00 84
  can0  136   [8]  00 00 00 00 00 00 00 1D
  can0  13A   [8]  2E 00 31 00 00 00 00 9D
  can0  13F   [8]  01 BE 01 98 00 00 00 18
  can0  17C   [8]  00 00 02 E5 00 00 00 1E
  can0  039   [2]  00 39
  can0  136   [8]  00 00 00 00 00 00 00 2C
  can0  13A   [8]  2E 00 31 00 00 00 00 AC
  can0  13F   [8]  01 7A 01 1B 00 00 00 24
  can0  17C   [8]  00 00 02 DF 00 00 00 24
  can0  1D0   [8]  00 00 00 00 00 00 00 0A
  can0  1B0   [7]  00 0F 00 03 00 00 19
  can0  1AA   [8]  7F FF 00 00 00 00 61 17
  can0  1A4   [8]  00 00 00 00 00 00 00 18
  can0  1DC   [4]  02 02 DF 3B
  can0  17C   [8]  00 00 02 CF 00 00 00 34
  can0  196   [8]  BF 7F 00 FF 59 80 00 1C
  can0  3F8   [8]  00 00 00 00 24 00 10 F1
  can0  333   [7]  01 00 00 00 00 00 0E
  can0  039   [2]  00 2A
  can0  6D9   [1]  0C
  can0  158   [8]  00 00 02 C2 00 00 00 37
  can0  188   [6]  00 00 00 01 40 20
  can0  164   [8]  04 00 00 17 AB 00 00 B1
  can0  136   [8]  00 00 00 00 00 00 00 0E
  can0  13A   [8]  2E 00 31 00 00 00 00 8E
  can0  196   [8]  B6 7F 00 FF 41 80 09 72
  can0  3F8   [8]  00 00 00 00 12 22 19 C4
  can0  158   [8]  00 00 02 C5 00 00 00 07
  can0  188   [6]  00 00 00 01 40 3F
  can0  164   [8]  04 00 00 17 AA 00 00 85
  can0  136   [8]  00 00 00 00 00 00 00 1D
  can0  13A   [8]  2E 00 31 00 00 00 00 9D
  can0  13F   [8]  01 12 01 11 00 00 00 1D
  can0  17C   [8]  00 00 02 F5 00 00 00 1D
  can0  13F   [8]  01 10 01 15 00 00 00 2A
  can0  17C   [8]  00 00 03 1C 00 00 00 22
  can0  1D0   [8]  00 00 00 00 00 00 00 0A
  can0  1B0   [7]  00 0F 00 01 00 00 39
  can0  1AA   [8]  7F FF 00 00 00 00 61 35
  can0  1A4   [8]  00 00 00 00 00 00 00 36
  can0  1DC   [4]  02 03 1C 1B
  can0  294   [8]  04 16 40 02 6F 9A 00 1F
  can0  039   [2]  00 1B
  can0  196   [8]  B0 7F 00 FF 65 80 03 45
  can0  136   [8]  00 00 00 00 00 00 00 3B
  can0  13A   [8]  2E 00 31 00 00 00 00 BB
  can0  13F   [8]  01 15 00 DD 00 00 00 31
  can0  17C   [8]  00 00 03 24 00 00 00 38
  can0  196   [8]  B0 7F 00 FF 55 80 0C D6
  can0  3F8   [8]  00 00 00 00 1A 21 1C 75
  can0  158   [8]  00 00 03 07 00 00 00 3D
  can0  188   [6]  00 00 00 01 40 20
  can0  164   [8]  04 00 00 17 AB 00 00 B1
  can0  196   [8]  B4 7F 00 FF 3A 80 05 9C
  can0  3F8   [8]  00 00 00 00 10 26 15 76
  can0  039   [2]  00 0C
  can0  158   [8]  00 00 03 17 00 00 00 0F
  can0  188   [6]  00 00 00 01 40 3F
  can0  164   [8]  04 00 00 17 AB 00 00 84
  can0  136   [8]  00 00 00 00 00 00 00 1D
  can0  13A   [8]  2E 00 31 00 00 00 00 9D
  can0  13F   [8]  00 D9 00 DF FF E2 00 14
  can0  196   [8]  B7 7F 00 FF 64 80 0E C5
  can0  3F8   [8]  00 00 00 00 08 33 1E 78
  can0  158   [8]  00 00 03 1E 00 00 00 17
  can0  188   [6]  00 00 00 01 40 02
  can0  164   [8]  04 00 00 17 AA 00 00 94
  can0  294   [8]  04 16 40 02 6F 9A 00 00
  can0  136   [8]  00 00 00 00 00 00 00 2C
  can0  13A   [8]  2E 00 31 00 00 00 00 AC
  can0  13F   [8]  00 D6 00 E4 00 00 00 2E
  can0  196   [8]  B8 7F 00 FF 6B 80 07 EA
  can0  3F8   [8]  00 00 00 00 1A 29 17 E0
  can0  158   [8]  00 00 03 1A 00 00 00 2A
  can0  188   [6]  00 00 00 01 40 11
  can0  164   [8]  04 00 00 17 AB 00 00 A2
  can0  136   [8]  00 00 00 00 00 00 00 3B
  can0  13A   [8]  2E 00 31 00 00 00 00 BB
  can0  13F   [8]  00 DB 00 E1 00 00 00 3B
  can0  039   [2]  00 39
  can0  196   [8]  B5 7F 00 FF 5D 80 00 72
  can0  3F8   [8]  00 00 00 00 06 29 10 A1
  can0  158   [8]  00 00 03 15 00 00 00 3E
  can0  164   [8]  04 00 00 17 AB 00 00 B1
  can0  188   [6]  00 00 00 01 40 20
  can0  136   [8]  00 00 00 00 00 00 00 0E
  can0  13A   [8]  2E 00 31 00 00 00 00 8E
  can0  13F   [8]  00 DD 00 E2 00 00 00 0B
  can0  17C   [8]  00 00 03 20 00 00 00 0F
  can0  196   [8]  BD 7F 00 FF 3E 80 09 89
  can0  3F8   [8]  00 00 00 00 0E 20 19 4E
  can0  158   [8]  00 00 03 0D 00 00 00 0A
  can0  188   [6]  00 00 00 01 40 3F
  can0  164   [8]  04 00 00 17 AB 00 00 84
  can0  136   [8]  00 00 00 00 00 00 00 1D
  can0  13A   [8]  2E 00 31 00 00 00 00 9D
  can0  13F   [8]  00 DF 00 E1 00 00 00 19
  can0  17C   [8]  00 00 03 1B 00 00 00 14
  can0  039   [2]  00 2A
  can0  17C   [8]  00 00 03 09 00 00 00 26
  can0  1D0   [8]  00 00 00 00 00 00 00 0A
  can0  1B0   [7]  00 0F 00 0A 00 00 30
  can0  1AA   [8]  7F FF 00 00 00 00 61 35
  can0  1A4   [8]  00 00 00 00 00 00 00 36
  can0  1DC   [4]  02 03 09 1F
  can0  196   [8]  C2 7F 00 FF 42 80 03 4D
  can0  3F8   [8]  00 00 00 00 0C 14 13 73
  can0  158   [8]  00 00 03 01 00 00 00 24
  can0  188   [6]  00 00 00 01 40 11
  can0  196   [8]  B4 7F 00 FF 4B 80 0C AE
  can0  3F8   [8]  00 00 00 00 1E 0D 1C 71
  can0  039   [2]  00 1B
  can0  6D9   [1]  39
  can0  305   [2]  80 35
  can0  158   [8]  00 00 02 F7 00 00 00 3F
  can0  188   [6]  00 00 00 01 40 20
  can0  164   [8]  04 00 00 17 AB 00 00 B1
  can0  405   [8]  00 10 04 00 00 00 00 0A
  can0  136   [8]  00 00 00 00 00 00 00 0E
  can0  196   [8]  B5 7F 00 FF 3D 80 05 4B
  can0  3F8   [8]  00 00 00 00 0C 20 15 D1
  can0  158   [8]  00 00 02 F1 00 00 00 08
  can0  188   [6]  00 00 00 01 40 3F
  can0  164   [8]  04 00 00 17 AB 00 00 84
  can0  136   [8]  00 00 00 00 00 00 00 1D
  can0  13A   [8]  2E 00 31 00 00 00 00 9D
  can0  13F   [8]  00 E4 00 E0 00 00 00 14
  can0  17C   [8]  00 00 03 04 00 00 00 1C
  can0  136   [8]  00 00 00 00 00 00 00 2C
  can0  13A   [8]  2E 00 31 00 00 00 00 AC
  can0  13F   [8]  00 E1 00 E0 FF EC 00 2E
  can0  17C   [8]  00 00 03 01 00 00 00 2E
  can0  039   [2]  00 0C
  can0  1D0   [8]  00 00 00 00 00 00 00 0A
  can0  1B0   [7]  00 0F 00 0A 00 00 12
  can0  1AA   [8]  7F FF 00 00 00 00 61 17
  can0  1A4   [8]  00 00 00 00 00 00 00 18
  can0  196   [8]  B9 7F 00 FF 49 80 07 84
  can0  3F8   [8]  00 00 00 00 12 0B 17 01
  can0  158   [8]  00 00 02 EA 00 00 00 2E
  can0  188   [6]  00 00 00 01 40 11
  can0  164   [8]  04 00 00 17 AB 00 00 A2
  can0  136   [8]  00 00 00 00 00 00 00 3B
  can0  13A   [8]  2E 00 31 00 00 00 00 BB
  can0  13F   [8]  00 E4 00 E1 00 00 00 31
  can0  17C   [8]  00 00 02 FD 00 00 00 33
  can0  1D0   [8]  00 00 00 00 00 00 00 0A
  can0  1B0   [7]  00 0F 00 0A 00 00 21
  can0  1AA   [8]  7F FF 00 00 00 00 61 26
  can0  1A4   [8]  00 00 00 00 00 00 00 27
  can0  1DC   [4]  02 02 F7 04
  can0  039   [2]  00 39
  can0  196   [8]  B0 7F 00 FF 4E 80 01 CF
  can0  3F8   [8]  00 00 00 00 0A 20 11 A0
  can0  158   [8]  00 00 02 E3 00 00 00 07
  can0  188   [6]  00 00 00 01 40 3F
  can0  196   [8]  C1 7F 00 FF 59 80 0A C7
  can0  3F8   [8]  00 00 00 00 02 19 1A B4
  can0  158   [8]  00 00 02 DD 00 00 00 1D
  can0  188   [6]  00 00 00 01 40 02
  can0  164   [8]  04 00 00 17 AA 00 00 94
  can0  136   [8]  00 00 00 00 00 00 00 2C
  can0  13A   [8]  2E 0A 31 00 00 00 00 A2
  can0  13F   [8]  00 DF 00 E1 00 00 00 28
  can0  17C   [8]  00 00 02 F1 00 00 00 20
  can0  196   [8]  BE 7F 00 FF 43 80 03 71
  can0  3F8   [8]  00 00 00 00 14 33 13 EB
  can0  039   [2]  00 2A
  can0  158   [8]  00 00 02 D5 00 00 00 24
  can0  188   [6]  00 00 00 01 40 11
  can0  164   [8]  04 00 00 17 AB 00 00 A2
  can0  136   [8]  00 00 00 00 00 00 00 3B
  can0  13A   [8]  2E 0F 31 00 00 00 00 BC
  can0  13F   [8]  00 E4 01 05 00 00 00 3A
  can0  196   [8]  B1 7F 00 FF 33 80 0C DE
  can0  3F8   [8]  00 00 00 00 0A 00 1C 54
  can0  158   [8]  00 00 02 CA 00 00 00 3F
  can0  188   [6]  00 00 00 01 40 20
  can0  164   [8]  04 00 00 17 AB 00 00 B1
  can0  136   [8]  00 00 00 00 00 00 00 0E
  can0  13A   [8]  2E 10 31 00 00 00 00 8D
  can0  13F   [8]  01 03 01 08 00 00 00 08
  can0  17C   [8]  00 00 02 DA 80 00 00 03
  can0  196   [8]  B6 7F 00 FF 55 80 05 F0
  can0  3F8   [8]  00 00 00 00 08 20 15 D7
  can0  158   [8]  00 00 02 C3 00 00 00 09
  can0  188   [6]  00 00 00 01 40 3F
  can0  164   [8]  04 00 00 17 AA 00 00 85
  can0  136   [8]  00 00 00 00 02 00 00 1B
  can0  13A   [8]  2E 17 31 00 00 00 00 95
  can0  13F   [8]  01 49 01 43 00 00 00 1E
  can0  039   [2]  00 1B
  can0  039   [2]  00 2A
  can0  196   [8]  BD 7F 00 FF 69 80 0E 28
  can0  3F8   [8]  00 00 00 00 04 0F 1E C4
  can0  158   [8]  00 00 02 C4 00 00 00 17
  can0  164   [8]  04 00 00 17 AA 00 00 94
  can0  188   [6]  00 00 00 01 40 02
  can0  294   [8]  04 16 40 02 6F 9A 00 00
  can0  136   [8]  00 00 00 00 02 00 00 2A
  can0  13A   [8]  2E 18 31 00 00 00 00 A3
  can0  196   [8]  BA 7F 00 FF 48 80 07 EC
  can0  3F8   [8]  00 00 00 00 16 03 17 5D
  can0  158   [8]  00 00 02 CB 00 00 00 2F
  can0  188   [6]  00 00 00 01 40 11
  can0  164   [8]  04 00 00 17 AB 00 00 A2
  can0  136   [8]  00 00 00 00 02 00 00 39
  can0  13A   [8]  2E 18 31 00 00 00 00 B2
  can0  13F   [8]  01 52 01 4D 00 00 00 38
  can0  17C   [8]  00 00 02 EE 80 00 00 3B
  can0  039   [2]  00 0C
  can0  1B0   [7]  00 0F 00 0A 00 00 21
  can0  1AA   [8]  7F FF 00 00 00 00 61 26
  can0  1A4   [8]  00 00 00 00 00 00 00 27
  can0  1DC   [4]  02 03 0E 0B
  can0  196   [8]  BD 7F 00 FF 40 80 01 20
  can0  3F8   [8]  00 00 00 00 06 21 11 E6
  can0  158   [8]  00 00 02 E7 00 00 00 03
  can0  188   [6]  00 00 00 01 40 3F
  can0  164   [8]  04 00 00 17 AB 00 00 84
  can0  136   [8]  00 00 00 00 02 00 00 1B
  can0  196   [8]  BB 7F 00 FF 62 80 0A 0F
  can0  3F8   [8]  00 00 00 00 18 22 1A EC
  can0  158   [8]  00 00 03 27 00 00 00 1D
  can0  164   [8]  04 00 00 17 AB 00 00 93
  can0  188   [6]  00 00 00 01 40 02
  can0  294   [8]  04 16 40 02 6F 9A 00 3D
  can0  039   [2]  00 39
  can0  136   [8]  00 00 00 00 02 00 00 2A
  can0  13A   [8]  2E 18 31 00 00 00 00 A3
  can0  196   [8]  B5 7F 00 FF 50 80 03 D0
  can0  3F8   [8]  00 00 00 00 0C 2F 13 3C
  can0  158   [8]  00 00 03 6D 00 00 00 22
  can0  188   [6]  00 00 00 01 40 11
  can0  164   [8]  04 00 00 17 AB 00 00 A2
  can0  136   [8]  00 00 00 00 02 00 00 39
  can0  13A   [8]  2E 18 31 00 00 00 00 B2
  can0  13F   [8]  01 4D 01 49 01 0E 00 33
  can0  17C   [8]  00 00 03 9F 80 00 00 3E
  can0  1AA   [8]  7F FF 00 00 00 00 61 08
  can0  1A4   [8]  00 00 00 00 00 00 00 09
  can0  1DC   [4]  02 03 E3 26
  can0  039   [2]  00 2A
  can0  196   [8]  B0 7F 00 FF 47 80 0D D0
  can0  3F8   [8]  00 00 00 00 04 22 1D AD
  can0  158   [8]  00 00 03 BA 00 00 00 02
  can0  188   [6]  00 00 00 01 40 3F
  can0  164   [8]  04 00 00 17 AB 00 00 84
  can0  136   [8]  00 00 00 00 02 00 00 1B
  can0  196   [8]  A7 7F 00 FF 43 80 06 2E
  can0  3F8   [8]  00 00 00 00 16 00 16 94
  can0  333   [7]  01 00 00 00 00 00 3B
  can0  158   [8]  00 00 03 FD 00 00 00 1A
  can0  188   [6]  00 00 00 01 40 02
  can0  164   [8]  04 00 00 17 AA 00 00 94
  can0  294   [8]  04 16 40 02 6F 9A 00 2E
  can0  136   [8]  00 00 00 00 02 00 00 2A
  can0  13A   [8]  2E 16 31 00 00 00 00 A5
  can0  196   [8]  B4 7F 00 FF 59 80 0F 92
  can0  3F8   [8]  00 00 00 00 0E 20 1F 00
  can0  039   [2]  00 1B
  can0  158   [8]  00 00 04 4A 00 00 00 26
  can0  188   [6]  00 00 00 01 40 11
  can0  164   [8]  04 00 00 17 AB 00 00 A2
  can0  136   [8]  00 00 00 00 03 00 00 38
  can0  13A   [8]  2E 1B 31 00 00 00 00 BF
  can0  13F   [8]  01 11 01 26 00 C8 00 32
  can0  196   [8]  B9 7F 00 FF 49 80 08 3F
  can0  3F8   [8]  00 00 00 00 04 20 18 5C
  can0  158   [8]  00 00 04 85 00 00 00 36
  can0  188   [6]  00 00 00 01 40 20
  can0  136   [8]  00 00 00 00 05 00 00 09
  can0  13A   [8]  2E 1F 31 00 00 00 00 8E
  can0  13F   [8]  01 45 01 59 00 00 00 0C
  can0  164   [8]  04 00 00 17 AB 00 00 B1
  can0  17C   [8]  00 00 04 A7 80 00 00 07
  can0  196   [8]  BF 7F 00 FF 3A 80 01 DD
  can0  3F8   [8]  00 00 00 00 02 20 11 AC
  can0  158   [8]  00 00 04 BD 00 00 00 0E
  can0  188   [6]  00 00 00 01 40 3F
  can0  164   [8]  04 00 00 17 AA 00 00 85
  can0  039   [2]  00 0C
  can0  136   [8]  00 00 00 00 05 00 00 18
  can0  13A   [8]  2E 1F 31 00 00 00 00 9D
  can0  13F   [8]  01 55 01 48 00 6E 00 18
  can0  196   [8]  B9 7F 00 FF 55 80 0A 17
  can0  3F8   [8]  00 00 00 00 02 20 1A 63
  can0  158   [8]  00 00 04 EA 00 00 00 1D
  can0  188   [6]  00 00 00 01 40 02
  can0  164   [8]  04 00 00 17 AB 00 00 93
  can0  294   [8]  04 16 40 02 6F 9A 00 3D
  can0  136   [8]  00 00 00 00 03 00 00 29
  can0  13A   [8]  2E 1C 31 00 00 00 00 AF
  can0  13F   [8]  01 38 01 13 00 82 00 28
  can0  196   [8]  B7 7F 00 FF 6F 80 03 C4
  can0  3F8   [8]  00 00 00 00 10 02 13 60
  can0  158   [8]  00 00 05 1C 00 00 00 26
  can0  188   [6]  00 00 00 01 40 11
  can0  164   [8]  04 00 00 17 AA 00 00 A3
  can0  136   [8]  00 00 00 00 03 00 00 38
  can0  13A   [8]  2E 1B 31 00 00 00 00 BF
  can0  13F   [8]  00 F3 00 ED 00 8C 00 31
  can0  17C   [8]  00 00 05 46 80 00 00 3A
  can0  039   [2]  00 39
  can0  1B0   [7]  00 0F 00 0A 00 00 03
  can0  1AA   [8]  7F FF 00 00 00 00 61 08
  can0  1A4   [8]  00 00 00 00 00 00 00 09
  can0  1DC   [4]  02 05 7D 21
  can0  320   [3]  00 00 21
  can0  324   [8]  8A 6A 1B 4A 00 00 00 21
  can0  37C   [8]  00 00 00 00 00 7F 00 2A
  can0  40C   [8]  01 35 4A 36 52 45 34 2F
  can0  465   [7]  8E C8 47 53 2F 34 22
  can0  454   [3]  1E F7 24
  can0  158   [8]  00 00 05 8E 00 00 00 0F
  can0  188   [6]  00 00 00 01 40 3F
  can0  164   [8]  04 00 00 17 AB 00 00 84
  can0  136   [8]  00 00 00 00 03 00 00 1A
  can0  13A   [8]  2E 1B 31 00 00 00 00 91
  can0  13F   [8]  00 CC 00 D3 00 00 00 1C
  can0  17C   [8]  00 00 05 A7 80 00 00 15
  can0  196   [8]  C0 7F 00 FF 49 80 06 1E
  can0  3F8   [8]  00 00 00 00 12 22 16 7F
  can0  039   [2]  00 2A
  can0  196   [8]  BF 7F 00 FF 5F 80 0F A2
  can0  3F8   [8]  00 00 00 00 06 29 1F 1A
  can0  158   [8]  00 00 05 B8 00 00 00 20
  can0  188   [6]  00 00 00 01 40 11
  can0  164   [8]  04 00 00 17 AB 00 00 A2
  can0  136   [8]  00 00 00 00 03 00 00 38
  can0  13A   [8]  2E 1B 31 00 00 00 00 BF
  can0  13F   [8]  00 C3 00 C7 00 00 00 30
  can0  17C   [8]  00 00 05 CB 80 00 00 3D
  can0  196   [8]  BC 7F 00 FF 54 80 08 96
  can0  3F8   [8]  00 00 00 00 18 20 18 4E
  can0  158   [8]  00 00 05 D3 00 00 00 32
  can0  188   [6]  00 00 00 01 40 20
  can0  164   [8]  04 00 00 17 AB 00 00 B1
  can0  136   [8]  02 00 00 00 00 00 00 0C
  can0  13A   [8]  2E 08 31 00 00 00 00 86
  can0  13F   [8]  FF 7C 00 6A 00 1E 00 05
  can0  17C   [8]  00 00 05 E5 00 00 00 0C
  can0  039   [2]  00 2A
  can0  196   [8]  BF 7F 00 FF 69 80 01 29
  can0  3F8   [8]  00 00 00 00 0E 25 11 C7
  can0  158   [8]  00 00 05 E3 00 00 00 04
  can0  188   [6]  00 00 00 01 40 3F
  can0  164   [8]  04 00 00 17 AB 00 00 84
  can0  136   [8]  02 00 00 00 00 00 00 1B
  can0  13A   [8]  2E 00 31 00 00 00 00 9D
  can0  13F   [8]  FF 7B 00 75 00 00 00 18
  can0  196   [8]  BD 7F 00 FF 49 80 0A 6C
  can0  3F8   [8]  00 00 00 00 06 13 1A 70
  can0  333   [7]  01 00 00 00 00 00 1D
  can0  158   [8]  00 00 05 9B 00 00 00 10
  can0  188   [6]  00 00 00 01 40 02
  can0  164   [8]  04 00 00 17 AA 00 00 94
  can0  294   [8]  04 16 40 02 6F 9A 00 3D
  can0  136   [8]  02 00 00 00 00 00 00 2A
  can0  13A   [8]  2B 00 31 00 00 00 00 AF
  can0  196   [8]  B6 7F 00 FF 4A 80 03 20
  can0  3F8   [8]  00 00 00 00 18 22 13 19
  can0  039   [2]  00 1B
  can0  158   [8]  00 00 05 2B 00 00 00 26
  can0  188   [6]  00 00 00 01 40 11
  can0  164   [8]  04 00 00 17 AB 00 00 A2
  can0  136   [8]  00 00 00 00 00 00 00 3B
  can0  13A   [8]  2B 00 31 00 00 00 00 BE
  can0  13F   [8]  00 C5 00 B1 00 00 00 35
  can0  196   [8]  B4 7F 00 FF 59 80 0C B5
  can0  3F8   [8]  00 00 00 00 04 22 1C B0
  can0  158   [8]  00 00 04 C8 00 00 00 3F
  can0  188   [6]  00 00 00 01 40 20
  can0  136   [8]  00 00 00 00 00 00 00 0E
  can0  13A   [8]  2B 00 31 00 00 00 00 81
  can0  13F   [8]  00 D2 00 C2 00 1E 00 09
  can0  164   [8]  04 00 00 17 AA 00 00 B2
  can0  17C   [8]  00 00 04 8C 00 00 00 0C
  can0  196   [8]  BF 7F 00 FF 47 80 05 64
  can0  3F8   [8]  00 00 00 00 0C 32 15 FD
  can0  158   [8]  00 00 04 8C 00 00 00 02
  can0  188   [6]  00 00 00 01 40 3F
  can0  164   [8]  04 00 00 17 AA 00 00 85
  can0  136   [8]  00 00 00 00 00 00 00 1D
  can0  039   [2]  00 0C
  can0  13A   [8]  2B 00 31 00 00 00 00 90
  can0  13F   [8]  00 CD 00 BE 00 00 00 12
  can0  196   [8]  BA 7F 00 FF 45 80 0E 9C
  can0  3F8   [8]  00 00 00 00 08 05 1E 0C
  can0  158   [8]  00 00 04 83 00 00 00 1A
  can0  188   [6]  00 00 00 01 40 02
  can0  164   [8]  04 00 00 17 AB 00 00 93
  can0  294   [8]  04 16 40 02 6F 9A 00 00
  can0  136   [8]  00 00 00 00 00 00 00 2C
  can0  13A   [8]  2B 00 31 00 00 00 00 AF
  can0  13F   [8]  00 CD 00 BF FF E2 00 22
  can0  196   [8]  C5 7F 00 FF 45 80 07 3D
  can0  3F8   [8]  00 00 00 00 1A 33 17 96
  can0  158   [8]  00 00 04 82 00 00 00 2A
  can0  188   [6]  00 00 00 01 40 11
  can0  136   [8]  00 00 00 00 00 00 00 3B
  can0  13A   [8]  2B 00 31 00 00 00 00 BE
  can0  13F   [8]  00 CF 00 C0 00 00 00 3B
  can0  164   [8]  04 00 00 17 AA 00 00 A3
  can0  17C   [8]  00 00 04 91 00 00 00 33
  can0  039   [2]  00 0C
  can0  196   [8]  BD 7F 00 FF 47 80 00 B7
  can0  3F8   [8]  00 00 00 00 08 23 10 6A
  can0  158   [8]  00 00 04 7D 00 00 00 3F
  can0  188   [6]  00 00 00 01 40 20
  can0  164   [8]  04 00 00 17 AB 00 00 B1
  can0  136   [8]  00 00 00 00 00 00 00 0E
  can0  13A   [8]  2B 00 31 00 00 00 00 81
  can0  13F   [8]  00 D0 00 C4 FF E2 00 0A
  can0  196   [8]  BA 7F 00 FF 49 80 09 C5
  can0  3F8   [8]  00 00 00 00 1A 00 19 25
  can0  158   [8]  00 00 04 72 00 00 00 0D
  can0  188   [6]  00 00 00 01 40 3F
  can0  136   [8]  00 00 00 00 00 00 00 1D
  can0  13A   [8]  2B 00 31 00 00 00 00 90
  can0  13F   [8]  00 CD 00 C7 00 00 00 18
  can0  164   [8]  04 00 00 17 AB 00 00 84
  can0  17C   [8]  00 00 04 77 00 00 00 11
  can0  039   [2]  00 2A
  can0  13F   [8]  00 CA 00 CA 00 00 00 27
  can0  17C   [8]  00 00 04 69 00 00 00 2F
  can0  1D0   [8]  00 00 00 00 00 00 00 0A
  can0  1B0   [7]  00 0F 00 0A 00 00 30
  can0  1AA   [8]  7F FF 00 00 00 00 61 35
  can0  1A4   [8]  00 00 00 00 00 00 00 36
  can0  1DC   [4]  02 04 69 18
  can0  196   [8]  B3 7F 00 FF 52 80 03 00
  can0  3F8   [8]  00 00 00 00 10 14 13 61
  can0  196   [8]  B2 7F 00 FF 57 80 0C 6F
  can0  3F8   [8]  00 00 00 00 06 26 1C 9E
  can0  039   [2]  00 1B
  can0  158   [8]  00 00 04 52 00 00 00 3C
  can0  188   [6]  00 00 00 01 40 20
  can0  164   [8]  04 00 00 17 AA 00 00 B2
  can0  136   [8]  00 00 00 00 00 00 00 0E
  can0  13A   [8]  2B 00 31 00 00 00 00 81
  can0  13F   [8]  00 CE 00 D0 00 00 00 0E
  can0  196   [8]  B7 7F 00 FF 40 80 05 3C
  can0  3F8   [8]  00 00 00 00 02 20 15 D8
  can0  158   [8]  00 00 04 40 00 00 00 02
  can0  188   [6]  00 00 00 01 40 3F
  can0  136   [8]  00 00 00 00 00 00 00 1D
  can0  13A   [8]  2B 00 31 00 00 00 00 90
  can0  13F   [8]  00 D0 00 D5 00 00 00 15
  can0  164   [8]  04 00 00 17 AA 00 00 85
  can0  17C   [8]  00 00 04 3F 00 00 00 1D
  can0  13A   [8]  2B 00 31 00 00 00 00 AF
  can0  13F   [8]  00 D9 00 DC FF 9C 00 21
  can0  17C   [8]  00 00 04 1C 00 00 00 21
  can0  1D0   [8]  00 00 00 00 00 00 00 0A
  can0  1B0   [7]  00 0F 00 0A 00 00 12
  can0  1AA   [8]  7F FF 00 00 00 00 62 16
  can0  1A4   [8]  00 00 00 00 00 00 00 18
  can0  1DC   [4]  02 04 1C 38
  can0  039   [2]  00 0C
  can0  6D9   [1]  2A
  can0  13A   [8]  2B 00 31 00 00 00 00 BE
  can0  13F   [8]  00 E2 00 E5 FF 88 00 31
  can0  17C   [8]  00 00 04 00 01 00 00 3C
  can0  196   [8]  B3 7F 00 FF 39 80 08 1F
  can0  3F8   [8]  00 00 00 00 08 20 18 56
  can0  333   [7]  01 00 00 00 00 00 0E
  can0  158   [8]  00 00 04 09 00 00 00 3A
  can0  188   [6]  00 00 00 01 40 20
  can0  164   [8]  04 00 00 17 AB 00 00 B1
  can0  039   [2]  00 39
  can0  196   [8]  B6 7F 00 FF 54 80 01 0B
  can0  3F8   [8]  00 00 00 00 06 32 11 86
  can0  158   [8]  00 00 03 EB 00 00 00 0E
  can0  188   [6]  00 00 00 01 40 3F
  can0  164   [8]  04 00 00 17 AB 00 00 84
  can0  136   [8]  00 00 00 00 00 00 00 1D
  can0  13A   [8]  2A 00 31 00 00 00 00 91
  can0  13F   [8]  00 E8 00 F0 00 00 00 1F
  can0  196   [8]  B9 7F 00 FF 65 80 0A 3F
  can0  3F8   [8]  00 00 00 00 02 12 1A 3A
  can0  158   [8]  00 00 03 CA 00 00 00 10
  can0  188   [6]  00 00 00 01 40 02
  can0  136   [8]  00 00 00 00 00 00 00 2C
  can0  13A   [8]  2A 00 31 00 00 00 00 A0
  can0  13F   [8]  00 ED 00 F4 00 00 00 25
  can0  164   [8]  04 00 00 17 AB 00 00 93
  can0  17C   [8]  00 00 03 B1 01 00 00 22
  can0  196   [8]  B2 7F 00 FF 41 80 03 C9
  can0  3F8   [8]  00 00 00 00 14 13 13 9E
  can0  158   [8]  00 00 03 A2 00 00 00 29
  can0  188   [6]  00 00 00 01 40 11
  can0  164   [8]  04 00 00 17 AA 00 00 A3
  can0  136   [8]  00 00 00 00 00 00 00 3B
  can0  039   [2]  00 2A
  can0  13A   [8]  29 00 31 00 00 00 00 B0
  can0  13F   [8]  00 F1 00 F4 FF 24 00 3B
  can0  196   [8]  BE 7F 00 FF 3D 80 0C 8B
  can0  3F8   [8]  00 00 00 00 02 23 1C F9
  can0  158   [8]  00 00 03 79 00 00 00 34
  can0  188   [6]  00 00 00 01 40 20
  can0  164   [8]  04 00 00 17 AB 00 00 B1
  can0  136   [8]  00 00 00 00 00 00 00 0E
  can0  13A   [8]  29 00 31 00 00 00 00 83
  can0  13F   [8]  01 57 01 41 00 00 00 02
  can0  17C   [8]  00 00 03 68 01 00 00 02
  can0  196   [8]  C2 7F 00 FF 33 80 05 C4
  can0  3F8   [8]  00 00 00 00 14 23 15 11
  can0  158   [8]  00 00 03 51 00 00 00 01
  can0  188   [6]  00 00 00 01 40 3F
  can0  136   [8]  00 00 00 00 00 00 00 1D
  can0  13A   [8]  29 00 31 00 00 00 00 92
  can0  13F   [8]  01 47 01 35 FF 38 00 16
  can0  164   [8]  04 00 00 17 AB 00 00 84
  can0  17C   [8]  00 00 03 25 01 00 00 18
  can0  158   [8]  00 00 03 1F 00 00 00 16
  can0  188   [6]  00 00 00 01 40 02
  can0  164   [8]  04 00 00 17 AA 00 00 94
  can0  294   [8]  04 16 40 02 6F 9A 00 00
  can0  136   [8]  00 00 00 00 00 00 00 2C
  can0  13A   [8]  29 00 31 00 00 00 00 A1
  can0  13F   [8]  01 32 01 27 00 00 00 23
  can0  17C   [8]  00 00 03 0E 01 00 00 20
  can0  196   [8]  BB 7F 00 FF 39 80 07 76
  can0  3F8   [8]  00 00 00 00 1A 21 17 BA
  can0  158   [8]  00 00 03 05 00 00 00 20
  can0  188   [6]  00 00 00 01 40 11
  can0  136   [8]  00 00 00 00 00 00 00 3B
  can0  13A   [8]  29 00 31 00 00 00 00 B0
  can0  13F   [8]  01 00 00 F4 00 00 00 3E
  can0  164   [8]  04 00 00 17 AA 00 00 A3
  can0  17C   [8]  00 00 03 1A 01 00 00 32
  can0  1D0   [8]  00 00 00 00 00 00 00 0A
  can0  1B0   [7]  00 0F 00 0A 00 00 21
  can0  1AA   [8]  7F FF 00 00 00 00 63 24
  can0  1A4   [8]  00 00 00 00 00 00 00 27
  can0  1DC   [4]  02 03 37 0F
  can0  428   [7]  03 01 00 00 D7 D5 2E
  can0  196   [8]  BD 7F 00 FF 4E 80 01 29
  can0  3F8   [8]  00 00 00 00 12 28 11 EE
  can0  158   [8]  00 00 03 0C 00 00 00 0B
  can0  188   [6]  00 00 00 01 40 3F
  can0  196   [8]  BC 7F 00 FF 51 80 0A 25
  can0  3F8   [8]  00 00 00 00 0A 22 1A F7
  can0  158   [8]  00 00 03 21 00 00 00 13
  can0  188   [6]  00 00 00 01 40 02
  can0  164   [8]  04 00 00 17 AA 00 00 94
  can0  294   [8]  04 16 40 02 6F 9A 00 3D
  can0  136   [8]  00 00 00 00 00 00 00 2C
  can0  13A   [8]  28 00 31 00 00 00 00 A2
  can0  039   [2]  00 39
  can0  196   [8]  B9 7F 00 FF 49 80 03 F0
  can0  3F8   [8]  00 00 00 00 1C 00 13 F2
  can0  158   [8]  00 00 03 33 00 00 00 2F
  can0  188   [6]  00 00 00 01 40 11
  can0  136   [8]  00 00 00 00 00 00 00 3B
  can0  13A   [8]  28 00 31 00 00 00 00 B1
  can0  13F   [8]  00 ED 00 EE 00 00 00 3B
  can0  164   [8]  04 00 00 17 AB 00 00 A2
  can0  17C   [8]  00 00 03 4B 00 00 00 3F
  can0  136   [8]  00 00 00 00 00 00 00 0E
  can0  13A   [8]  28 00 31 00 00 00 00 84
  can0  13F   [8]  00 ED 00 ED 00 0A 00 05
  can0  17C   [8]  00 00 03 51 01 00 00 0A
  can0  1D0   [8]  00 00 00 00 00 00 00 0A
  can0  1B0   [7]  00 0F 00 0A 00 00 03
  can0  1AA   [8]  7F FF 00 00 00 00 85 02
  can0  1A4   [8]  00 00 00 00 00 00 00 09
  can0  1DC   [4]  02 03 51 21
  can0  039   [2]  00 39
  can0  158   [8]  00 00 03 3D 00 00 00 07
  can0  188   [6]  00 00 00 01 40 3F
  can0  136   [8]  00 00 00 00 00 00 00 1D
  can0  13A   [8]  28 00 31 00 00 00 00 93
  can0  13F   [8]  00 ED 00 EF 00 00 00 1C
  can0  164   [8]  04 00 00 17 AB 00 00 84
  can0  17C   [8]  00 00 03 45 01 00 00 16
  can0  196   [8]  B7 7F 00 FF 57 80 06 89
  can0  3F8   [8]  00 00 00 00 12 00 16 92
  can0  294   [8]  04 16 40 02 6F 9A 00 00
  can0  196   [8]  C0 7F 00 FF 45 80 0F E1
  can0  3F8   [8]  00 00 00 00 0E 33 1F 60
  can0  039   [2]  00 1B
  can0  158   [8]  00 00 03 33 00 00 00 2F
  can0  188   [6]  00 00 00 01 40 11
  can0  136   [8]  00 00 00 00 00 00 00 3B
  can0  13A   [8]  28 00 31 00 00 00 00 B1
  can0  13F   [8]  00 EF 00 F0 00 00 00 36
  can0  164   [8]  04 00 00 17 AA 00 00 A3
  can0  196   [8]  BE 7F 00 FF 50 80 08 2A
  can0  3F8   [8]  00 00 00 00 20 02 18 87
  can0  158   [8]  00 00 03 26 00 00 00 3C
  can0  188   [6]  00 00 00 01 40 20
  can0  136   [8]  00 00 00 00 00 00 00 0E
  can0  13A   [8]  28 00 31 00 00 00 00 84
  can0  13F   [8]  00 ED 00 F1 00 00 00 0A
  can0  164   [8]  04 00 00 17 AA 00 00 B2
  can0  17C   [8]  00 00 03 2C 01 00 00 02
  can0  196   [8]  BD 7F 00 FF 3C 80 01 62
  can0  3F8   [8]  00 00 00 00 0E 22 11 3E
  can0  158   [8]  00 00 03 16 00 00 00 00
  can0  188   [6]  00 00 00 01 40 3F
  can0  136   [8]  00 00 00 00 00 00 00 1D
  can0  13A   [8]  28 00 31 00 00 00 00 93
  can0  13F   [8]  00 ED 00 F1 00 00 00 19
  can0  039   [2]  00 0C
  can0  164   [8]  04 00 00 17 AA 00 00 85
  can0  196   [8]  BA 7F 00 FF 50 80 0A 79
  can0  3F8   [8]  00 00 00 00 02 23 1A B7
  can0  158   [8]  00 00 03 02 00 00 00 14
  can0  188   [6]  00 00 00 01 40 02
  can0  164   [8]  04 00 00 17 AA 00 00 94
  can0  294   [8]  04 16 40 02 6F 9A 00 3D
  can0  136   [8]  00 00 00 00 00 00 00 2C
  can0  13A   [8]  28 00 31 00 00 00 00 A2
  can0  13F   [8]  00 ED 00 F1 00 00 00 28
  can0  196   [8]  C1 7F 00 FF 51 80 03 3E
  can0  3F8   [8]  00 00 00 00 14 2F 13 28
  can0  158   [8]  00 00 02 E3 00 00 00 25
  can0  188   [6]  00 00 00 01 40 11
  can0  136   [8]  00 00 00 00 00 00 00 3B
  can0  13A   [8]  28 00 31 00 00 00 00 B1
  can0  13F   [8]  00 EF 00 F1 00 00 00 35
  can0  164   [8]  04 00 00 17 AA 00 00 A3
  can0  17C   [8]  00 00 02 D7 00 00 00 3B
  can0  039   [2]  00 39
  can0  1B0   [7]  00 0F 00 0A 00 00 03
  can0  1AA   [8]  7F FF 00 00 00 00 62 07
  can0  1A4   [8]  00 00 00 00 00 00 00 09
  can0  1DC   [4]  02 02 B8 25
  can0  320   [3]  00 00 21
  can0  324   [8]  8A 6A 1B 54 00 00 00 26
  can0  37C   [8]  00 00 00 00 00 7F 00 2A
  can0  196   [8]  B9 7F 00 FF 2C 80 0D 8F
  can0  3F8   [8]  00 00 00 00 0C 20 1D 39
  can0  158   [8]  00 00 02 BD 00 00 00 00
  can0  196   [8]  C1 7F 00 FF 50 80 06 D8
  can0  3F8   [8]  00 00 00 00 04 12 16 A3
  can0  039   [2]  00 2A
  can0  158   [8]  00 00 02 9A 00 00 00 14
  can0  188   [6]  00 00 00 01 40 02
  can0  164   [8]  04 00 00 17 AA 00 00 94
  can0  294   [8]  04 16 40 02 6F 9A 00 2E
  can0  136   [8]  00 00 00 00 00 00 00 2C
  can0  13A   [8]  28 00 31 00 00 00 00 A2
  can0  196   [8]  C0 7F 00 FF 55 80 0F F9
  can0  3F8   [8]  00 00 00 00 16 20 1F 14
  can0  158   [8]  00 00 02 7B 00 00 00 24
  can0  188   [6]  00 00 00 01 40 11
  can0  136   [8]  00 00 00 00 00 00 00 3B
  can0  13A   [8]  28 00 31 00 00 00 00 B1
  can0  13F   [8]  00 F1 00 EF 00 00 00 35
  can0  164   [8]  04 00 00 17 AB 00 00 A2
  can0  17C   [8]  00 00 02 76 01 00 00 31
  can0  13F   [8]  00 F1 00 E7 00 00 00 00
  can0  17C   [8]  00 00 02 8D 01 00 00 0C
  can0  1D0   [8]  00 00 00 00 00 00 00 0A
  can0  1B0   [7]  00 0F 00 0A 00 00 21
  can0  039   [2]  00 1B
  can0  1AA   [8]  7F FF 00 00 00 00 DE 22
  can0  1A4   [8]  00 00 00 00 00 00 00 27
  can0  1DC   [4]  02 02 8D 05
  can0  405   [8]  00 10 04 00 00 00 00 28
  can0  158   [8]  00 00 02 66 00 00 00 0C
  can0  188   [6]  00 00 00 01 40 3F
  can0  136   [8]  00 00 00 00 00 00 00 1D
  can0  13A   [8]  28 00 31 00 00 00 00 93
  can0  13F   [8]  00 F1 00 F6 00 00 00 1F
  can0  164   [8]  04 00 00 17 AB 00 00 84
  can0  17C   [8]  00 00 02 7C 01 00 00 1D
  can0  305   [2]  80 35
  can0  196   [8]  B5 7F 00 FF 44 80 02 D3
  can0  3F8   [8]  00 00 00 00 0C 32 12 AE
  can0  039   [2]  00 0C
  can0  196   [8]  CB 7F 00 FF 45 80 0B A0
  can0  3F8   [8]  00 00 00 00 08 05 1B 65
  can0  158   [8]  00 00 02 5D 00 00 00 24
  can0  188   [6]  00 00 00 01 40 11
  can0  136   [8]  00 00 00 00 00 00 00 3B
  can0  13A   [8]  28 00 31 00 00 00 00 B1
  can0  13F   [8]  00 F1 00 E5 00 00 00 3F
  can0  164   [8]  04 00 00 17 AB 00 00 A2
  can0  196   [8]  B6 7F 00 FF 39 80 04 B7
  can0  3F8   [8]  00 00 00 00 1A 33 14 B1
  can0  333   [7]  01 00 00 00 00 00 2C
  can0  158   [8]  00 00 02 68 00 00 00 37
  can0  188   [6]  00 00 00 01 40 20
  can0  164   [8]  04 00 00 17 AB 00 00 B1
  can0  136   [8]  00 00 00 00 00 00 00 0E
  can0  13A   [8]  28 00 31 00 00 00 00 84
  can0  13F   [8]  00 F1 00 E9 00 00 00 0E
  can0  196   [8]  BE 7F 00 FF 56 80 0D 46
  can0  3F8   [8]  00 00 00 00 08 23 1D EB
  can0  039   [2]  00 39
  can0  158   [8]  00 00 02 7D 00 00 00 04
  can0  188   [6]  00 00 00 01 40 3F
  can0  136   [8]  00 00 00 00 00 00 00 1D
  can0  13A   [8]  28 00 31 00 00 00 00 93
  can0  13F   [8]  00 EF 00 F0 00 00 00 18
  can0  164   [8]  04 00 00 17 AB 00 00 84
  can0  196   [8]  BF 7F 00 FF 54 80 06 D7
  can0  3F8   [8]  00 00 00 00 1A 00 16 9E
  can0  158   [8]  00 00 02 84 00 00 00 1B
  can0  188   [6]  00 00 00 01 40 02
  can0  136   [8]  00 00 00 00 00 00 00 2C
  can0  13A   [8]  28 00 31 00 00 00 00 A2
  can0  13F   [8]  00 EF 00 F3 00 00 00 24
  can0  164   [8]  04 00 00 17 AB 00 00 93
  can0  17C   [8]  00 00 02 9C 01 00 00 2A
  can0  196   [8]  BA 7F 00 FF 51 80 0F 9F
  can0  3F8   [8]  00 00 00 00 0E 13 1F 15
  can0  158   [8]  00 00 02 8D 00 00 00 21
  can0  188   [6]  00 00 00 01 40 11
  can0  136   [8]  00 00 00 00 00 00 00 3B
  can0  13A   [8]  28 00 31 00 00 00 00 B1
  can0  13F   [8]  00 EF 00 F1 00 00 00 35
  can0  164   [8]  04 00 00 17 AB 00 00 A2
  can0  039   [2]  00 2A
  can0  196   [8]  BA 7F 00 FF 4A 80 08 54
  can0  3F8   [8]  00 00 00 00 04 22 18 C4
  can0  158   [8]  00 00 02 99 00 00 00 33
  can0  188   [6]  00 00 00 01 40 20
  can0  164   [8]  04 00 00 17 AB 00 00 B1
  can0  136   [8]  00 00 00 00 00 00 00 0E
  can0  13A   [8]  28 00 31 00 00 00 00 84
  can0  13F   [8]  00 EF 00 EF 00 28 00 01
  can0  17C   [8]  00 00 02 BA 00 00 00 0D
  can0  196   [8]  BA 7F 00 FF 4B 80 01 2E
  can0  3F8   [8]  00 00 00 00 16 00 11 C7
  can0  158   [8]  00 00 02 A6 00 00 00 08
  can0  188   [6]  00 00 00 01 40 3F
  can0  136   [8]  00 00 00 00 00 00 00 1D
  can0  13A   [8]  28 00 31 00 00 00 00 93
  can0  13F   [8]  00 EF 00 ED 00 14 00 17
  can0  164   [8]  04 00 00 17 AA 00 00 85
  can0  17C   [8]  00 00 02 C6 00 00 00 1F
  can0  039   [2]  00 1B
  can0  039   [2]  00 2A
  can0  158   [8]  00 00 02 B0 00 00 00 1C
  can0  188   [6]  00 00 00 01 40 02
  can0  164   [8]  04 00 00 17 AA 00 00 94
  can0  136   [8]  00 00 00 00 00 00 00 2C
  can0  13A   [8]  28 00 31 00 00 00 00 A2
  can0  13F   [8]  00 EF 00 ED 00 00 00 2B
  can0  17C   [8]  00 00 02 CB 01 00 00 28
  can0  1D0   [8]  00 00 00 00 00 00 00 0A
  can0  196   [8]  BB 7F 00 FF 4B 80 03 49
  can0  3F8   [8]  00 00 00 00 04 20 13 93
  can0  158   [8]  00 00 02 B7 00 00 00 24
  can0  188   [6]  00 00 00 01 40 11
  can0  136   [8]  00 00 00 00 00 00 00 3B
  can0  13A   [8]  28 00 31 00 00 00 00 B1
  can0  13F   [8]  00 EF 00 EF 00 00 00 38
  can0  164   [8]  04 00 00 17 AB 00 00 A2
  can0  17C   [8]  00 00 02 CC 01 00 00 36
  can0  1D0   [8]  00 00 00 00 00 00 00 0A
  can0  1B0   [7]  00 0F 00 0A 00 00 03
  can0  1AA   [8]  7F FF 00 00 00 00 65 04
  can0  1A4   [8]  00 00 00 00 00 00 00 09
  can0  1DC   [4]  02 02 D0 2B
  can0  196   [8]  B7 7F 00 FF 2A 80 0D 8B
  can0  3F8   [8]  00 00 00 00 04 28 1D 6F
  can0  158   [8]  00 00 02 BB 00 00 00 02
  can0  188   [6]  00 00 00 01 40 3F
  can0  136   [8]  00 00 00 00 00 00 00 1D
  can0  196   [8]  BE 7F 00 FF 44 80 06 92
  can0  3F8   [8]  00 00 00 00 04 00 16 8F
  can0  158   [8]  00 00 02 C4 00 00 00 17
  can0  188   [6]  00 00 00 01 40 02
  can0  164   [8]  04 00 00 17 AB 00 00 93
  can0  136   [8]  00 00 00 00 00 00 00 2C
  can0  039   [2]  00 39
  can0  13A   [8]  28 00 31 00 00 00 00 A2
  can0  13F   [8]  00 EF 00 ED 00 1E 00 2C
  can0  196   [8]  BF 7F 00 FF 52 80 0F 27
  can0  3F8   [8]  00 00 00 00 12 0F 1F C4
  can0  158   [8]  00 00 02 CE 00 00 00 2C
  can0  188   [6]  00 00 00 01 40 11
  can0  136   [8]  00 00 00 00 00 00 00 3B
  can0  13A   [8]  28 00 31 00 00 00 00 B1
  can0  13F   [8]  00 EF 00 EC 00 00 00 3B
  can0  164   [8]  04 00 00 17 AB 00 00 A2
  can0  17C   [8]  00 00 02 E9 00 00 00 38
  can0  13F   [8]  00 EF 00 EB 00 00 00 0F
  can0  164   [8]  04 00 00 17 AB 00 00 B1
  can0  17C   [8]  00 00 02 F1 00 00 00 02
  can0  1D0   [8]  00 00 00 00 00 00 00 0A
  can0  1B0   [7]  00 0F 00 0A 00 00 21
  can0  1AA   [8]  7F FF 00 00 00 00 61 26
  can0  1A4   [8]  00 00 00 00 00 00 00 27
  can0  1DC   [4]  02 02 F1 0A
  can0  039   [2]  00 2A
  can0  196   [8]  C0 7F 00 FF 42 80 09 25
  can0  196   [8]  C6 7F 00 FF 49 80 02 B9
  can0  3F8   [8]  00 00 00 00 14 23 12 42
  can0  6D9   [1]  1B
  can0  333   [7]  01 00 00 00 00 00 1D
  can0  158   [8]  00 00 02 EA 00 00 00 1F
  can0  188   [6]  00 00 00 01 40 02
  can0  164   [8]  04 00 00 17 AB 00 00 93
  can0  136   [8]  00 00 00 00 00 00 00 2C
  can0  13A   [8]  28 00 31 00 00 00 00 A2
  can0  039   [2]  00 1B
  can0  196   [8]  AB 7F 00 FF 37 80 0B 5A
  can0  3F8   [8]  00 00 00 00 08 26 1B C4
  can0  158   [8]  00 00 02 FB 00 00 00 2C
  can0  188   [6]  00 00 00 01 40 11
  can0  136   [8]  00 00 00 00 00 00 00 3B
  can0  13A   [8]  28 00 31 00 00 00 00 B1
  can0  13F   [8]  00 EB 00 E9 00 00 00 32
  can0  164   [8]  04 00 00 17 AB 00 00 A2
  can0  196   [8]  AF 7F 00 FF 64 80 04 7C
  can0  3F8   [8]  00 00 00 00 1A 21 14 9D
  can0  158   [8]  00 00 03 0C 00 00 00 38
  can0  188   [6]  00 00 00 01 40 20
  can0  136   [8]  00 00 00 00 00 00 00 0E
  can0  13A   [8]  28 00 31 00 00 00 00 84
  can0  13F   [8]  00 EB 00 E9 00 00 00 05
  can0  17C   [8]  00 00 03 22 00 00 00 0D
  can0  164   [8]  04 00 00 17 AB 00 00 B1
  can0  196   [8]  BB 7F 00 FF 66 80 0D 5A
  can0  3F8   [8]  00 00 00 00 10 26 1D 9E
  can0  158   [8]  00 00 03 19 00 00 00 0D
  can0  188   [6]  00 00 00 01 40 3F
  can0  136   [8]  00 00 00 00 00 00 00 1D
  can0  13A   [8]  28 00 31 00 00 00 00 93
  can0  13F   [8]  00 E8 00 E9 00 00 00 17
  can0  164   [8]  04 00 00 17 AA 00 00 85
  can0  17C   [8]  00 00 03 2F 00 00 00 1F
  can0  039   [2]  00 1B
  can0  196   [8]  BA 7F 00 FF 3E 80 06 BC
  can0  3F8   [8]  00 00 00 00 08 33 16 90
  can0  158   [8]  00 00 03 21 00 00 00 13
  can0  188   [6]  00 00 00 01 40 02
  can0  164   [8]  04 00 00 17 AB 00 00 93
  can0  136   [8]  00 00 00 00 00 00 00 2C
  can0  13A   [8]  28 00 31 00 00 00 00 A2
  can0  13F   [8]  00 E8 00 E9 00 00 00 26
  can0  196   [8]  B5 7F 00 FF 50 80 0F 4C
  can0  3F8   [8]  00 00 00 00 1A 29 1F 08
  can0  158   [8]  00 00 03 25 00 00 00 2E
  can0  188   [6]  00 00 00 01 40 11
  can0  136   [8]  00 00 00 00 00 00 00 3B
  can0  13A   [8]  28 00 31 00 00 00 00 B1
  can0  13F   [8]  00 E8 00 E9 FF E2 00 37
  can0  164   [8]  04 00 00 17 AB 00 00 A2
  can0  17C   [8]  00 00 03 32 00 00 00 39
  can0  039   [2]  00 39
  can0  1B0   [7]  00 0F 00 0A 00 00 21
  can0  1AA   [8]  7F FF 00 00 00 00 61 26
  can0  1A4   [8]  00 00 00 00 00 00 00 27
  can0  1DC   [4]  02 03 27 00
  can0  320   [3]  00 00 03
  can0  324   [8]  8A 6A 1B 5A 00 00 00 02
  can0  37C   [8]  00 00 00 00 00 7F 00 0C
  can0  40C   [8]  03 33 39 31 30 39 00 00
  can0  465   [7]  8E C8 47 53 2F 34 04
  can0  454   [3]  1E F7 06
  can0  196   [8]  B9 7F 00 FF 70 80 02 46
  can0  3F8   [8]  00 00 00 00 10 28 12 CA
  can0  039   [2]  00 2A
  can0  158   [8]  00 00 03 19 00 00 00 1C
  can0  188   [6]  00 00 00 01 40 02
  can0  164   [8]  04 00 00 17 AA 00 00 94
  can0  136   [8]  00 00 00 00 00 00 00 2C
  can0  13A   [8]  28 00 31 00 00 00 00 A2
  can0  13F   [8]  00 E8 00 E9 00 00 00 26
  can0  196   [8]  B7 7F 00 FF 2C 80 0B C0
  can0  3F8   [8]  00 00 00 00 0C 14 1B 9B
  can0  158   [8]  00 00 03 0F 00 00 00 26
  can0  188   [6]  00 00 00 01 40 11
  can0  136   [8]  00 00 00 00 00 00 00 3B
  can0  13A   [8]  28 00 31 00 00 00 00 B1
  can0  13F   [8]  00 EB 00 E9 00 00 00 32
  can0  164   [8]  04 00 00 17 AB 00 00 A2
  can0  17C   [8]  00 00 03 18 00 00 00 35
  can0  1D0   [8]  00 00 00 00 00 00 00 0A
  can0  1B0   [7]  00 0F 00 0A 00 00 03
  can0  1AA   [8]  7F FF 00 00 00 00 62 07
  can0  1A4   [8]  00 00 00 00 00 00 00 09
  can0  039   [2]  00 1B
  can0  305   [2]  80 35
  can0  1DC   [4]  02 03 0B 2C
  can0  196   [8]  B8 7F 00 FF 5C 80 05 72
  can0  3F8   [8]  00 00 00 00 20 02 15 06
  can0  158   [8]  00 00 03 03 00 00 00 04
  can0  188   [6]  00 00 00 01 40 3F
  can0  196   [8]  B8 7F 00 FF 6C 80 0E 95
  can0  3F8   [8]  00 00 00 00 0E 22 1E 85
  can0  6D9   [1]  0C
  can0  158   [8]  00 00 02 F9 00 00 00 1F
  can0  188   [6]  00 00 00 01 40 02
  can0  164   [8]  04 00 00 17 AB 00 00 93
  can0  136   [8]  00 00 00 00 00 00 00 2C
  can0  13A   [8]  28 00 31 00 00 00 00 A2
  can0  13F   [8]  00 E8 00 E9 00 00 00 26
  can0  039   [2]  00 0C
  can0  196   [8]  B3 7F 00 FF 5E 80 07 7E
  can0  3F8   [8]  00 00 00 00 02 23 17 36
  can0  158   [8]  00 00 02 ED 00 00 00 2B
  can0  188   [6]  00 00 00 01 40 11
  can0  136   [8]  00 00 00 00 00 00 00 3B
  can0  13A   [8]  28 00 31 00 00 00 00 B1
  can0  13F   [8]  00 EB 00 E9 00 00 00 32
  can0  164   [8]  04 00 00 17 AA 00 00 A3
  can0  196   [8]  B3 7F 00 FF 4D 80 00 B9
  can0  3F8   [8]  00 00 00 00 14 2F 10 0F
  can0  333   [7]  01 00 00 00 00 00 0E
  can0  158   [8]  00 00 02 DE 00 00 00 3A
  can0  188   [6]  00 00 00 01 40 20
  can0  136   [8]  00 00 00 00 00 00 00 0E
  can0  13A   [8]  28 00 31 00 00 00 00 84
  can0  13F   [8]  00 EB 00 E9 FF BA 00 02
  can0  164   [8]  04 00 00 17 AB 00 00 B1
  can0  196   [8]  C2 7F 00 FF 44 80 09 9A
  can0  3F8   [8]  00 00 00 00 0A 20 19 48
  can0  158   [8]  00 00 02 D1 00 00 00 0A
  can0  188   [6]  00 00 00 01 40 3F
  can0  136   [8]  00 00 00 00 00 00 00 1D
  can0  039   [2]  00 39
  can0  13A   [8]  28 00 31 00 00 00 00 93
  can0  13F   [8]  00 E8 00 EA 00 00 00 16
  can0  164   [8]  04 00 00 17 AA 00 00 85
  can0  196   [8]  B9 7F 00 FF 6B 80 02 DE
  can0  3F8   [8]  00 00 00 00 02 19 12 5C
  can0  158   [8]  00 00 02 C2 00 00 00 19
  can0  188   [6]  00 00 00 01 40 02
  can0  136   [8]  00 00 00 00 00 00 00 2C
  can0  13A   [8]  28 00 31 00 00 00 00 A2
  can0  13F   [8]  00 E8 00 EA 00 00 00 25
  can0  164   [8]  04 00 00 17 AB 00 00 93
  can0  17C   [8]  00 00 02 CA 00 00 00 2A
  can0  196   [8]  B9 7F 00 FF 61 80 0B 24
  can0  3F8   [8]  00 00 00 00 14 33 1B 03
  can0  158   [8]  00 00 02 B3 00 00 00 28
  can0  188   [6]  00 00 00 01 40 11
  can0  136   [8]  00 00 00 00 00 00 00 3B
  can0  13A   [8]  28 00 31 00 00 00 00 B1
  can0  13F   [8]  00 EB 00 EA 00 00 00 31
  can0  164   [8]  04 00 00 17 AB 00 00 A2
  can0  17C   [8]  00 00 02 C0 00 00 00 33
  can0  039   [2]  00 2A
  can0  039   [2]  00 39
  can0  305   [2]  80 17
  can0  158   [8]  00 00 02 A8 00 00 00 33
  can0  188   [6]  00 00 00 01 40 20
  can0  164   [8]  04 00 00 17 AB 00 00 B1
  can0  136   [8]  00 00 00 00 00 00 00 0E
  can0  13A   [8]  28 00 31 00 00 00 00 84
  can0  13F   [8]  00 EB 00 EA 00 00 00 04
  can0  17C   [8]  00 00 02 B4 00 00 00 03
  can0  1D0   [8]  00 00 00 00 00 00 00 0A
  can0  196   [8]  BD 7F 00 FF 5F 80 0D 22
  can0  3F8   [8]  00 00 00 00 08 20 1D 3F
  can0  158   [8]  00 00 02 9A 00 00 00 05
  can0  188   [6]  00 00 00 01 40 3F
  can0  136   [8]  00 00 00 00 00 00 00 1D
  can0  13A   [8]  28 00 31 00 00 00 00 93
  can0  13F   [8]  00 E8 00 EA 00 00 00 16
  can0  164   [8]  04 00 00 17 AB 00 00 84
  can0  17C   [8]  00 00 02 AA 00 00 00 1D
  can0  039   [2]  00 2A
  can0  1B0   [7]  00 0F 00 0A 00 00 12
  can0  1AA   [8]  7F FF 00 00 00 00 62 16
  can0  1A4   [8]  00 00 00 00 00 00 00 18
  can0  1DC   [4]  02 02 A9 34
  can0  294   [8]  04 16 40 02 6F 9A 00 2E
  can0  320   [3]  00 00 30
  can0  324   [8]  8A 6A 1B 5E 00 00 00 3B
  can0  37C   [8]  00 00 00 00 00 7F 00 39
  can0  196   [8]  B2 7F 00 FF 56 80 07 2F
  can0  196   [8]  BB 7F 00 FF 42 80 00 ED
  can0  3F8   [8]  00 00 00 00 18 08 10 89
  can0  158   [8]  00 00 02 8D 00 00 00 30
  can0  188   [6]  00 00 00 01 40 20
  can0  164   [8]  04 00 00 17 AA 00 00 B2
  can0  136   [8]  00 00 00 00 00 00 00 0E
  can0  13A   [8]  28 00 31 00 00 00 00 84
  can0  13F   [8]  00 ED 00 EA FF E2 00 04
  can0  17C   [8]  00 00 02 A3 00 00 00 05
  can0  196   [8]  C0 7F 00 FF 2E 80 09 7F
  can0  3F8   [8]  00 00 00 00 06 21 19 0E
  can0  158   [8]  00 00 02 89 00 00 00 07
  can0  188   [6]  00 00 00 01 40 3F
  can0  136   [8]  00 00 00 00 00 00 00 1D
  can0  13A   [8]  28 00 31 00 00 00 00 93
  can0  13F   [8]  00 EB 00 EB 00 0A 00 18
  can0  164   [8]  04 00 00 17 AB 00 00 84
  can0  17C   [8]  00 00 02 A1 00 00 00 16
  can0  1AA   [8]  7F FF 00 00 00 00 61 35
  can0  1A4   [8]  00 00 00 00 00 00 00 36
  can0  1DC   [4]  02 02 A6 19
  can0  294   [8]  04 16 40 02 6F 9A 00 1F
  can0  405   [8]  00 10 04 00 00 00 00 19
  can0  428   [7]  03 01 00 00 D7 D5 1F
  can0  039   [2]  00 39
  can0  196   [8]  C1 7F 00 FF 52 80 03 B2
  can0  3F8   [8]  00 00 00 00 1A 00 13 F7
  can0  158   [8]  00 00 02 89 00 00 00 25
  can0  196   [8]  C8 7F 00 FF 7C 80 0C BF
  can0  3F8   [8]  00 00 00 00 0E 13 1C 32
  can0  158   [8]  00 00 02 8A 00 00 00 33
  can0  188   [6]  00 00 00 01 40 20
  can0  136   [8]  00 00 00 00 00 00 00 0E
  can0  13A   [8]  28 00 31 00 00 00 00 84
  can0  13F   [8]  00 EB 00 EB 00 00 00 03
  can0  164   [8]  04 00 00 17 AB 00 00 B1
  can0  17C   [8]  00 00 02 A3 00 00 00 05
  can0  196   [8]  C3 7F 00 FF 43 80 05 D1
  can0  3F8   [8]  00 00 00 00 04 22 15 45
  can0  039   [2]  00 2A
  can0  158   [8]  00 00 02 8E 00 00 00 02
  can0  188   [6]  00 00 00 01 40 3F
  can0  136   [8]  00 00 00 00 00 00 00 1D
  can0  13A   [8]  28 00 31 00 00 00 00 93
  can0  13F   [8]  00 ED 00 E9 00 00 00 12
  can0  164   [8]  04 00 00 17 AB 00 00 84
  can0  196   [8]  C4 7F 00 FF 35 80 0E DD
  can0  3F8   [8]  00 00 00 00 16 00 1E 7C
  can0  305   [2]  80 08
  can0  333   [7]  01 00 00 00 00 00 3B
  can0  158   [8]  00 00 02 91 00 00 00 1D
  can0  188   [6]  00 00 00 01 40 02
  can0  164   [8]  04 00 00 17 AB 00 00 93
  can0  136   [8]  00 00 00 00 00 00 00 2C
  can0  13A   [8]  28 00 31 00 00 00 00 A2
  can0  196   [8]  AD 7F 00 FF 41 80 07 58
  can0  3F8   [8]  00 00 00 00 0E 20 17 E8
  can0  158   [8]  00 00 02 93 00 00 00 2A
  can0  188   [6]  00 00 00 01 40 11
  can0  136   [8]  00 00 00 00 00 00 00 3B
  can0  13A   [8]  28 00 31 00 00 00 00 B1
  can0  13F   [8]  00 EB 00 EB 00 00 00 30
  can0  164   [8]  04 00 00 17 AA 00 00 A3
  can0  17C   [8]  00 00 02 A6 00 00 00 3F
  can0  039   [2]  00 2A
  can0  196   [8]  B5 7F 00 FF 7A 80 00 C8
  can0  3F8   [8]  00 00 00 00 04 20 10 B4
  can0  158   [8]  00 00 02 94 00 00 00 38
  can0  188   [6]  00 00 00 01 40 20
  can0  136   [8]  00 00 00 00 00 00 00 0E
  can0  13A   [8]  28 00 31 00 00 00 00 84
  can0  13F   [8]  00 EB 00 E8 00 00 00 06
  can0  164   [8]  04 00 00 17 AA 00 00 B2
  can0  196   [8]  BD 7F 00 FF 56 80 09 D5
  can0  3F8   [8]  00 00 00 00 02 20 19 44
  can0  158   [8]  00 00 02 99 00 00 00 06
  can0  188   [6]  00 00 00 01 40 3F
  can0  136   [8]  00 00 00 00 00 00 00 1D
  can0  13A   [8]  28 00 31 00 00 00 00 93
  can0  13F   [8]  00 EB 00 E9 00 00 00 14
  can0  164   [8]  04 00 00 17 AA 00 00 85
  can0  17C   [8]  00 00 02 B0 00 00 00 16
  can0  039   [2]  00 0C
  can0  17C   [8]  00 00 02 AA 00 00 00 2C
  can0  1D0   [8]  00 00 00 00 00 00 00 0A
  can0  1B0   [7]  00 0F 00 0A 00 00 30
  can0  1AA   [8]  7F FF 00 00 00 00 61 35
  can0  1A4   [8]  00 00 00 00 00 00 00 36
  can0  1DC   [4]  02 02 AA 15
  can0  294   [8]  04 16 40 02 6F 9A 00 1F
  can0  196   [8]  BB 7F 00 FF 2A 80 03 96
  can0  3F8   [8]  00 00 00 00 04 00 13 E6
  can0  196   [8]  B1 7F 00 FF 5C 80 0C 08
  can0  3F8   [8]  00 00 00 00 12 0F 1C E3
  can0  039   [2]  00 39
  can0  158   [8]  00 00 02 99 00 00 00 33
  can0  188   [6]  00 00 00 01 40 20
  can0  136   [8]  00 00 00 00 00 00 00 0E
  can0  13A   [8]  28 00 31 00 00 00 00 84
  can0  13F   [8]  00 EB 00 E9 00 00 00 05
  can0  164   [8]  04 00 00 17 AA 00 00 B2
  can0  039   [2]  00 0C
  can0  196   [8]  B7 7F 00 FF 6F 80 05 8A
  can0  3F8   [8]  00 00 00 00 24 00 15 98
  can0  158   [8]  00 00 02 99 00 00 00 06
  can0  188   [6]  00 00 00 01 40 3F
  can0  136   [8]  00 00 00 00 00 00 00 1D
  can0  13A   [8]  28 00 31 00 00 00 00 93
  can0  13F   [8]  00 E8 00 E7 00 00 00 19
  can0  164   [8]  04 00 00 17 AB 00 00 84
  can0  196   [8]  BB 7F 00 FF 4A 80 0E 47
  can0  3F8   [8]  00 00 00 00 12 22 1E 97
  can0  158   [8]  00 00 02 9A 00 00 00 14
  can0  188   [6]  00 00 00 01 40 02
  can0  136   [8]  00 00 00 00 00 00 00 2C
  can0  13A   [8]  28 00 31 00 00 00 00 A2
  can0  13F   [8]  00 E8 00 E8 00 32 00 22
  can0  164   [8]  04 00 00 17 AA 00 00 94
  can0  17C   [8]  00 00 02 B2 00 00 00 23
  can0  196   [8]  B3 7F 00 FF 23 80 07 B3
  can0  3F8   [8]  00 00 00 00 06 29 17 F2
  can0  039   [2]  00 39
  can0  158   [8]  00 00 02 9D 00 00 00 20
  can0  188   [6]  00 00 00 01 40 11
  can0  136   [8]  00 00 00 00 00 00 00 3B
  can0  13A   [8]  28 00 31 00 00 00 00 B1
  can0  13F   [8]  00 E8 00 E8 FF F6 00 33
  can0  164   [8]  04 00 00 17 AA 00 00 A3
  can0  196   [8]  B6 7F 00 FF 70 80 00 20
  can0  3F8   [8]  00 00 00 00 18 20 10 A6
  can0  158   [8]  00 00 02 9C 00 00 00 30
  can0  188   [6]  00 00 00 01 40 20
  can0  136   [8]  00 00 00 00 00 00 00 0E
  can0  13A   [8]  28 00 31 00 00 00 00 84
  can0  13F   [8]  00 E8 00 E8 FF EC 00 01
  can0  164   [8]  04 00 00 17 AB 00 00 B1
  can0  17C   [8]  00 00 02 AC 00 00 00 0C
  can0  196   [8]  B1 7F 00 FF 50 80 09 6B
  can0  3F8   [8]  00 00 00 00 0E 25 19 2F
  can0  158   [8]  00 00 02 9A 00 00 00 05
  can0  188   [6]  00 00 00 01 40 3F
  can0  136   [8]  00 00 00 00 00 00 00 1D
  can0  13A   [8]  28 00 31 00 00 00 00 93
  can0  13F   [8]  00 E8 00 E7 00 1E 00 1A
  can0  164   [8]  04 00 00 17 AB 00 00 84
  can0  17C   [8]  00 00 02 AF 00 00 00 18
  can0  196   [8]  BA 7F 00 FF 62 80 02 BA
  can0  3F8   [8]  00 00 00 00 06 13 12 98
  can0  333   [7]  01 00 00 00 00 00 1D
  can0  158   [8]  00 00 02 99 00 00 00 15
  can0  188   [6]  00 00 00 01 40 02
  can0  136   [8]  00 00 00 00 00 00 00 2C
  can0  13A   [8]  28 00 31 00 00 00 00 A2
  can0  13F   [8]  00 E8 00 E7 00 00 00 28
  can0  164   [8]  04 00 00 17 AA 00 00 94
  can0  196   [8]  BA 7F 00 FF 3D 80 0B B1
  can0  3F8   [8]  00 00 00 00 18 22 1B F1
  can0  158   [8]  00 00 02 96 00 00 00 27
  can0  188   [6]  00 00 00 01 40 11
  can0  136   [8]  00 00 00 00 00 00 00 3B
  can0  13A   [8]  28 00 31 00 00 00 00 B1
  can0  13F   [8]  00 EB 00 E5 00 00 00 36
  can0  164   [8]  04 00 00 17 AA 00 00 A3
  can0  17C   [8]  00 00 02 A8 00 00 00 3D
  can0  039   [2]  00 1B
  can0  158   [8]  00 00 02 95 00 00 00 37
  can0  188   [6]  00 00 00 01 40 20
  can0  136   [8]  00 00 00 00 00 00 00 0E
  can0  13A   [8]  28 00 31 00 00 00 00 84
  can0  13F   [8]  00 E8 00 E4 00 00 00 0D
  can0  164   [8]  04 00 00 17 AB 00 00 B1
  can0  17C   [8]  00 00 02 AB 00 00 00 0D
  can0  1D0   [8]  00 00 00 00 00 00 00 0A
  can0  196   [8]  BE 7F 00 FF 68 80 0D 67
  can0  3F8   [8]  00 00 00 00 0C 32 1D 15
  can0  158   [8]  00 00 02 98 00 00 00 07
  can0  188   [6]  00 00 00 01 40 3F
  can0  136   [8]  00 00 00 00 00 00 00 1D
  can0  13A   [8]  28 00 31 00 00 00 00 93
  can0  13F   [8]  00 E8 00 E3 00 00 00 1D
  can0  17C   [8]  00 00 02 B0 00 00 00 16
  can0  164   [8]  04 00 00 17 AB 00 00 84
  can0  17C   [8]  00 00 02 A1 00 00 00 25
  can0  1D0   [8]  00 00 00 00 00 00 00 0A
  can0  1B0   [7]  00 0F 00 0A 00 00 12
  can0  1AA   [8]  7F FF 00 00 00 00 61 17
  can0  1A4   [8]  00 00 00 00 00 00 00 18
  can0  1DC   [4]  02 02 A1 3C
  can0  294   [8]  04 16 40 02 6F 9A 00 2E
  can0  039   [2]  00 1B
  can0  196   [8]  BC 7F 00 FF 5C 80 07 21
  can0  3F8   [8]  00 00 00 00 0A 12 17 B7
  can0  196   [8]  BD 7F 00 FF 52 80 00 26
  can0  3F8   [8]  00 00 00 00 1C 07 10 2C
  can0  158   [8]  00 00 02 95 00 00 00 37
  can0  188   [6]  00 00 00 01 40 20
  can0  136   [8]  00 00 00 00 00 00 00 0E
  can0  13A   [8]  28 00 31 00 00 00 00 84
  can0  13F   [8]  00 E6 00 E3 00 00 00 00
  can0  164   [8]  04 00 00 17 AB 00 00 B1
  can0  17C   [8]  00 00 02 A9 00 00 00 0F
  can0  196   [8]  B9 7F 00 FF 39 80 09 6A
  can0  3F8   [8]  00 00 00 00 0A 28 19 12
  can0  039   [2]  00 0C
  can0  158   [8]  00 00 02 96 00 00 00 09
  can0  188   [6]  00 00 00 01 40 3F
  can0  136   [8]  00 00 00 00 00 00 00 1D
  can0  13A   [8]  28 00 31 00 00 00 00 93
  can0  13F   [8]  00 E6 00 E4 00 00 00 1E
  can0  164   [8]  04 00 00 17 AB 00 00 84
  can0  196   [8]  B2 7F 00 FF 7A 80 02 7C
  can0  3F8   [8]  00 00 00 00 02 20 12 8B
  can0  158   [8]  00 00 02 93 00 00 00 1B
  can0  188   [6]  00 00 00 01 40 02
  can0  136   [8]  00 00 00 00 00 00 00 2C
  can0  13A   [8]  28 00 31 00 00 00 00 A2
  can0  13F   [8]  00 E6 00 E5 00 00 00 2C
  can0  164   [8]  04 00 00 17 AA 00 00 94
  can0  17C   [8]  00 00 02 A2 00 00 00 24
  can0  196   [8]  BD 7F 00 FF 75 80 0B 53
  can0  3F8   [8]  00 00 00 00 10 14 1B 89
  can0  158   [8]  00 00 02 92 00 00 00 2B
  can0  188   [6]  00 00 00 01 40 11
  can0  136   [8]  00 00 00 00 00 00 00 3B
  can0  13A   [8]  28 00 31 00 00 00 00 B1
  can0  13F   [8]  00 E6 00 E2 00 00 00 3E
  can0  039   [2]  00 39
  can0  164   [8]  04 00 00 17 AA 00 00 A3
  can0  196   [8]  BA 7F 00 FF 63 80 04 7B
  can0  3F8   [8]  00 00 00 00 06 26 14 76
  can0  158   [8]  00 00 02 92 00 00 00 3A
  can0  188   [6]  00 00 00 01 40 20
  can0  136   [8]  00 00 00 00 00 00 00 0E
  can0  13A   [8]  28 00 31 00 00 00 00 84
  can0  13F   [8]  00 E4 00 E4 00 00 00 01
  can0  164   [8]  04 00 00 17 AB 00 00 B1
  can0  17C   [8]  00 00 02 A7 00 00 00 01
  can0  196   [8]  B8 7F 00 FF 3B 80 0D 40
  can0  3F8   [8]  00 00 00 00 02 20 1D 30
  can0  158   [8]  00 00 02 8F 00 00 00 01
  can0  188   [6]  00 00 00 01 40 3F
  can0  136   [8]  00 00 00 00 00 00 00 1D
  can0  13A   [8]  28 00 31 00 00 00 00 93
  can0  13F   [8]  00 E4 00 E8 00 00 00 1C
  can0  164   [8]  04 00 00 17 AB 00 00 84
  can0  17C   [8]  00 00 02 9B 00 00 00 1D
  can0  039   [2]  00 2A
  can0  039   [2]  00 39
  can0  333   [7]  01 00 00 00 00 00 3B
  can0  158   [8]  00 00 02 8E 00 00 00 11
  can0  188   [6]  00 00 00 01 40 02
  can0  136   [8]  00 00 00 00 00 00 00 2C
  can0  13A   [8]  28 00 31 00 00 00 00 A2
  can0  13F   [8]  00 E4 00 E1 00 00 00 22
  can0  164   [8]  04 00 00 17 AB 00 00 93
  can0  17C   [8]  00 00 02 A5 00 00 00 21
  can0  196   [8]  BB 7F 00 FF 66 80 0F 60
  can0  3F8   [8]  00 00 00 00 06 20 1F 0C
  can0  158   [8]  00 00 02 8E 00 00 00 20
  can0  188   [6]  00 00 00 01 40 11
  can0  136   [8]  00 00 00 00 00 00 00 3B
  can0  13A   [8]  28 00 31 00 00 00 00 B1
  can0  13F   [8]  00 E4 00 E5 00 00 00 3D
  can0  164   [8]  04 00 00 17 AA 00 00 A3
  can0  17C   [8]  00 00 02 A1 00 00 00 34
  can0  1B0   [7]  00 0F 00 0A 00 00 21
  can0  1AA   [8]  7F FF 00 00 00 00 61 26
  can0  1A4   [8]  00 00 00 00 00 00 00 27
  can0  1DC   [4]  02 02 A1 0F
  can0  039   [2]  00 2A
  can0  196   [8]  BD 7F 00 FF 49 80 09 4B
  can0  3F8   [8]  00 00 00 00 06 32 19 6E
  can0  158   [8]  00 00 02 8D 00 00 00 03
  can0  188   [6]  00 00 00 01 40 3F
  can0  136   [8]  00 00 00 00 00 00 00 1D
  can0  196   [8]  BC 7F 00 FF 45 80 02 D3
  can0  3F8   [8]  00 00 00 00 02 12 12 D2
  can0  158   [8]  00 00 02 8E 00 00 00 11
  can0  188   [6]  00 00 00 01 40 02
  can0  136   [8]  00 00 00 00 00 00 00 2C
  can0  13A   [8]  28 00 31 00 00 00 00 A2
  can0  13F   [8]  00 E1 00 E4 FF D8 00 2F
  can0  164   [8]  04 00 00 17 AA 00 00 94
  can0  17C   [8]  00 00 02 9C 00 00 00 2B
  can0  039   [2]  00 1B
  can0  196   [8]  BD 7F 00 FF 62 80 0B C1
  can0  3F8   [8]  00 00 00 00 14 13 1B 76
  can0  158   [8]  00 00 02 8C 00 00 00 22
  can0  188   [6]  00 00 00 01 40 11
  can0  136   [8]  00 00 00 00 00 00 00 3B
  can0  13A   [8]  28 00 31 00 00 00 00 B1
  can0  13F   [8]  00 E4 00 E3 00 14 00 3A
  can0  164   [8]  04 00 00 17 AB 00 00 A2
  can0  196   [8]  B3 7F 00 FF 4B 80 04 C8
  can0  3F8   [8]  00 00 00 00 02 23 14 11
  can0  158   [8]  00 00 02 89 00 00 00 34
  can0  188   [6]  00 00 00 01 40 20
  can0  136   [8]  00 00 00 00 00 00 00 0E
  can0  13A   [8]  28 00 31 00 00 00 00 84
  can0  13F   [8]  00 E4 00 E5 00 00 00 00
  can0  164   [8]  04 00 00 17 AA 00 00 B2
  can0  17C   [8]  00 00 02 9A 00 00 00 0F
  can0  196   [8]  B6 7F 00 FF 56 80 0D 94
  can0  3F8   [8]  00 00 00 00 14 23 1D F9
  can0  158   [8]  00 00 02 89 00 00 00 07
  can0  188   [6]  00 00 00 01 40 3F
  can0  136   [8]  00 00 00 00 00 00 00 1D
  can0  13A   [8]  28 00 31 00 00 00 00 93
  can0  13F   [8]  00 E4 00 E1 00 1E 00 14
  can0  039   [2]  00 0C
  can0  164   [8]  04 00 00 17 AB 00 00 84
  can0  196   [8]  B4 7F 00 FF 4F 80 06 7A
  can0  3F8   [8]  00 00 00 00 08 26 16 45
  can0  305   [2]  80 9F
  can0  158   [8]  00 00 02 8A 00 00 00 15
  can0  188   [6]  00 00 00 01 40 02
  can0  136   [8]  00 00 00 00 00 00 00 2C
  can0  13A   [8]  28 00 31 00 00 00 00 A2
  can0  13F   [8]  00 E1 00 E5 FF EC 00 29
  can0  164   [8]  04 00 00 17 AA 00 00 94
  can0  196   [8]  BB 7F 00 FF 3C 80 0F 17
  can0  3F8   [8]  00 00 00 00 1A 21 1F 52
  can0  6D9   [1]  1B
  can0  158   [8]  00 00 02 89 00 00 00 25
  can0  136   [8]  00 00 00 00 00 00 00 3B
  can0  13A   [8]  28 00 31 00 00 00 00 B1
  can0  13F   [8]  00 E4 00 E3 00 0A 00 35
  can0  17C   [8]  00 00 02 9C 00 00 00 3A
  can0  164   [8]  04 00 00 17 AB 00 00 A2
  can0  196   [8]  B5 7F 00 FF 75 80 08 A6
  can0  3F8   [8]  00 00 00 00 10 26 18 F7
  can0  039   [2]  00 0C
  can0  158   [8]  00 00 02 86 00 00 00 37
  can0  188   [6]  00 00 00 01 40 20
  can0  136   [8]  00 00 00 00 00 00 00 0E
  can0  13A   [8]  28 00 31 00 00 00 00 84
  can0  13F   [8]  00 E4 00 E5 00 00 00 00
  can0  164   [8]  04 00 00 17 AB 00 00 B1
  can0  196   [8]  BC 7F 00 FF 21 80 01 A2
  can0  3F8   [8]  00 00 00 00 08 33 11 C3
  can0  158   [8]  00 00 02 85 00 00 00 0B
  can0  136   [8]  00 00 00 00 00 00 00 1D
  can0  13A   [8]  28 00 31 00 00 00 00 93
  can0  13F   [8]  00 E4 00 E2 00 14 00 1D
  can0  17C   [8]  00 00 02 9B 00 00 00 1D
  can0  164   [8]  04 00 00 17 AB 00 00 84
  can0  188   [6]  00 00 00 01 40 3F
  can0  039   [2]  00 2A
  can0  1B0   [7]  00 0F 00 0A 00 00 30
  can0  1AA   [8]  7F FF 00 00 00 00 61 35
  can0  1A4   [8]  00 00 00 00 00 00 00 36
  can0  1DC   [4]  02 02 98 18
  can0  294   [8]  04 16 40 02 6F 9A 00 3D
  can0  196   [8]  BC 7F 00 FF 47 80 0B 25
  can0  3F8   [8]  00 00 00 00 1C 00 1B 1A
  can0  158   [8]  00 00 02 85 00 00 00 29
  can0  136   [8]  00 00 00 00 00 00 00 3B
  can0  196   [8]  BF 7F 00 FF 68 80 04 CF
  can0  3F8   [8]  00 00 00 00 08 25 14 AB
  can0  333   [7]  01 00 00 00 00 00 2C
  can0  158   [8]  00 00 02 84 00 00 00 39
  can0  136   [8]  00 00 00 00 00 00 00 0E
  can0  039   [2]  00 1B
  can0  13A   [8]  28 00 31 00 00 00 00 84
  can0  13F   [8]  00 E4 00 E3 00 00 00 02
  can0  164   [8]  04 00 00 17 AB 00 00 B1
  can0  196   [8]  B2 7F 00 FF 63 80 0D 5C
  can0  3F8   [8]  00 00 00 00 10 28 1D 71
  can0  158   [8]  00 00 02 83 00 00 00 0D
  can0  136   [8]  00 00 00 00 00 00 00 1D
  can0  13A   [8]  28 00 31 00 00 00 00 93
  can0  13F   [8]  00 E4 00 E4 00 00 00 10
  can0  17C   [8]  00 00 02 95 00 00 00 13
  can0  164   [8]  04 00 00 17 AB 00 00 84
  can0  188   [6]  00 00 00 01 40 3F
  can0  1A4   [8]  00 00 00 00 00 00 00 18
  can0  1DC   [4]  02 02 9C 32
  can0  294   [8]  04 16 40 02 6F 9A 00 2E
  can0  039   [2]  00 0C
  can0  196   [8]  B8 7F 00 FF 3A 80 07 1D
  can0  3F8   [8]  00 00 00 00 0E 33 17 88
  can0  158   [8]  00 00 02 85 00 00 00 29
  can0  136   [8]  00 00 00 00 00 00 00 3B
  can0  13A   [8]  28 00 31 00 00 00 00 B1
  can0  13F   [8]  00 E4 00 E2 00 00 00 30
  can0  196   [8]  B8 7F 00 FF 54 80 00 17
  can0  3F8   [8]  00 00 00 00 20 02 10 6F
  can0  305   [2]  80 08
  can0  158   [8]  00 00 02 87 00 00 00 36
  can0  136   [8]  00 00 00 00 00 00 00 0E
  can0  13A   [8]  28 00 31 00 00 00 00 84
  can0  13F   [8]  00 E4 00 E4 00 00 00 01
  can0  17C   [8]  00 00 02 97 00 00 00 02
  can0  188   [6]  00 00 00 01 40 20
  can0  1DC   [4]  02 02 97 0A
  can0  039   [2]  00 39
  can0  196   [8]  BF 7F 00 FF 62 80 09 41
  can0  3F8   [8]  00 00 00 00 0E 22 19 D6
  can0  158   [8]  00 00 02 85 00 00 00 0B
  can0  136   [8]  00 00 00 00 00 00 00 1D
  can0  13A   [8]  28 00 31 00 00 00 00 93
  can0  13F   [8]  00 E4 00 E2 00 00 00 12
  can0  17C   [8]  00 00 02 96 00 00 00 12
  can0  164   [8]  04 00 00 17 AB 00 00 84
  can0  196   [8]  BF 7F 00 FF 44 80 02 BB
  can0  3F8   [8]  00 00 00 00 02 23 12 5F
  can0  158   [8]  00 00 02 84 00 00 00 1B
  can0  136   [8]  00 00 00 00 00 00 00 2C
  can0  13A   [8]  28 00 31 00 00 00 00 A2
  can0  13F   [8]  00 E4 00 E1 00 00 00 22
  can0  164   [8]  04 00 00 17 AB 00 00 93
  can0  17C   [8]  00 00 02 99 00 00 00 2E
  can0  188   [6]  00 00 00 01 40 02
  can0  196   [8]  BB 7F 00 FF 37 80 0B E3
  can0  3F8   [8]  00 00 00 00 14 2F 1B C0
  can0  039   [2]  00 2A
  can0  158   [8]  00 00 02 84 00 00 00 2A
  can0  136   [8]  00 00 00 00 00 00 00 3B
  can0  13A   [8]  28 00 31 00 00 00 00 B1
  can0  13F   [8]  00 E4 00 E1 00 00 00 31
  can0  17C   [8]  00 00 02 99 00 00 00 3D
  can0  164   [8]  04 00 00 17 AA 00 00 A3
  can0  196   [8]  C1 7F 00 FF 4A 80 04 F5
  can0  3F8   [8]  00 00 00 00 0A 20 14 C9
  can0  158   [8]  00 00 02 83 00 00 00 3A
  can0  136   [8]  00 00 00 00 00 00 00 0E
  can0  13A   [8]  28 00 31 00 00 00 00 84
  can0  13F   [8]  00 E4 00 E3 00 00 00 02
  can0  164   [8]  04 00 00 17 AB 00 00 B1
  can0  17C   [8]  00 00 02 92 00 00 00 07
  can0  188   [6]  00 00 00 01 40 20
  can0  196   [8]  C0 7F 00 FF 5D 80 0D CF
  can0  3F8   [8]  00 00 00 00 02 19 1D E7
  can0  158   [8]  00 00 02 82 00 00 00 0E
  can0  136   [8]  00 00 00 00 00 00 00 1D
  can0  13A   [8]  28 00 31 00 00 00 00 93
  can0  13F   [8]  00 E1 00 E0 00 00 00 17
  can0  17C   [8]  00 00 02 98 00 00 00 10
  can0  164   [8]  04 00 00 17 AB 00 00 84
  can0  188   [6]  00 00 00 01 40 3F
  can0  196   [8]  C0 7F 00 FF 52 80 06 86
  can0  3F8   [8]  00 00 00 00 14 33 16 82
  can0  158   [8]  00 00 02 83 00 00 00 1C
  can0  136   [8]  00 00 00 00 00 00 00 2C
  can0  13A   [8]  28 00 31 00 00 00 00 A2
  can0  13F   [8]  00 E1 00 E4 00 00 00 22
  can0  164   [8]  04 00 00 17 AA 00 00 94
  can0  17C   [8]  00 00 02 92 00 00 00 25
  can0  188   [6]  00 00 00 01 40 02
  can0  196   [8]  B9 7F 00 FF 3B 80 0F 27
  can0  3F8   [8]  00 00 00 00 0A 00 1F 73
  can0  158   [8]  00 00 02 81 00 00 00 2D
  can0  136   [8]  00 00 00 00 00 00 00 3B
  can0  13A   [8]  28 00 31 00 00 00 00 B1
  can0  13F   [8]  00 E4 00 DE 00 00 00 35
  can0  17C   [8]  00 00 02 97 00 00 00 3F
  can0  164   [8]  04 00 00 17 AA 00 00 A3
  can0  188   [6]  00 00 00 01 40 11
  can0  196   [8]  BF 7F 00 FF 4A 80 08 60
  can0  3F8   [8]  00 00 00 00 08 20 18 56
  can0  333   [7]  01 00 00 00 00 00 0E
  can0  158   [8]  00 00 02 81 00 00 00 3C
  can0  136   [8]  00 00 00 00 00 00 00 0E
  can0  039   [2]  00 1B
  can0  13A   [8]  28 00 31 00 00 00 00 84
  can0  13F   [8]  00 E4 00 E0 00 00 00 05
  can0  164   [8]  04 00 00 17 AB 00 00 B1
  can0  196   [8]  B6 7F 00 FF 49 80 01 96
  can0  3F8   [8]  00 00 00 00 04 0F 11 7F
  can0  158   [8]  00 00 02 85 00 00 00 0B
  can0  136   [8]  00 00 00 00 00 00 00 1D
  can0  13A   [8]  28 00 31 00 00 00 00 93
  can0  13F   [8]  00 E1 00 E0 00 00 00 17
  can0  17C   [8]  00 00 02 9C 00 00 00 1C
  can0  164   [8]  04 00 00 17 AB 00 00 84
  can0  188   [6]  00 00 00 01 40 3F
  can0  1B0   [7]  00 0F 00 0A 00 00 30
  can0  1AA   [8]  7F FF 00 00 00 00 61 35
  can0  1A4   [8]  00 00 00 00 00 00 00 36
  can0  1DC   [4]  02 02 9A 16
  can0  294   [8]  04 16 40 02 6F 9A 00 3D
  can0  039   [2]  00 0C
  can0  196   [8]  C0 7F 00 FF 5E 80 0B 0D
  can0  3F8   [8]  00 00 00 00 18 08 1B 46
  can0  158   [8]  00 00 02 88 00 00 00 26
  can0  136   [8]  00 00 00 00 00 00 00 3B
  can0  196   [8]  BB 7F 00 FF 52 80 04 81
  can0  3F8   [8]  00 00 00 00 06 21 14 8F
  can0  158   [8]  00 00 02 89 00 00 00 34
  can0  136   [8]  00 00 00 00 00 00 00 0E
  can0  13A   [8]  28 00 31 00 00 00 00 84
  can0  13F   [8]  00 DF 00 E1 00 00 00 0A
  can0  17C   [8]  00 00 02 9A 00 00 00 0F
  can0  188   [6]  00 00 00 01 40 20
  can0  164   [8]  04 00 00 17 AB 00 00 B1
  can0  196   [8]  BF 7F 00 FF 4A 80 0D 09
  can0  3F8   [8]  00 00 00 00 18 22 1D BF
  can0  158   [8]  00 00 02 84 00 00 00 0C
  can0  136   [8]  00 00 00 00 00 00 00 1D
  can0  13A   [8]  28 00 31 00 00 00 00 93
  can0  13F   [8]  00 DF 00 E1 00 00 00 19
  can0  17C   [8]  00 00 02 8F 00 00 00 1A
  can0  164   [8]  04 00 00 17 AB 00 00 84
  can0  188   [6]  00 00 00 01 40 3F
  can0  1D0   [8]  00 00 00 00 00 00 00 0A
  can0  1B0   [7]  00 0F 00 0A 00 00 12
  can0  1AA   [8]  7F FF 00 00 00 00 62 16
  can0  1A4   [8]  00 00 00 00 00 00 00 18
  can0  1DC   [4]  02 02 99 35
  can0  294   [8]  04 16 40 02 6F 9A 00 2E
  can0  039   [2]  00 1B
  can0  196   [8]  BE 7F 00 FF 4B 80 07 09
  can0  3F8   [8]  00 00 00 00 0E 13 17 FD
  can0  158   [8]  00 00 02 83 00 00 00 2B
  can0  196   [8]  C2 7F 00 FF 45 80 00 E0
  can0  3F8   [8]  00 00 00 00 04 22 10 2C
  can0  158   [8]  00 00 02 84 00 00 00 39
  can0  136   [8]  00 00 00 00 00 00 00 0E
  can0  13A   [8]  28 00 31 00 00 00 00 84
  can0  13F   [8]  00 DF 00 DE 00 00 00 0E
  can0  164   [8]  04 00 00 17 AA 00 00 B2
  can0  17C   [8]  00 00 02 9A 00 00 00 0F
  can0  188   [6]  00 00 00 01 40 20
  can0  196   [8]  B4 7F 00 FF 62 80 09 74
  can0  3F8   [8]  00 00 00 00 16 00 19 2F
  can0  158   [8]  00 00 02 84 00 00 00 0C
  can0  136   [8]  00 00 00 00 00 00 00 1D
  can0  039   [2]  00 0C
  can0  13A   [8]  28 00 31 00 00 00 00 93
  can0  13F   [8]  00 DF 00 E1 00 00 00 19
  can0  164   [8]  04 00 00 17 AB 00 00 84
  can0  17C   [8]  00 00 02 94 00 00 00 14
  can0  196   [8]  C3 7F 00 FF 50 80 02 16
  can0  3F8   [8]  00 00 00 00 0E 20 12 81
  can0  158   [8]  00 00 02 7F 00 00 00 11
  can0  136   [8]  00 00 00 00 00 00 00 2C
  can0  13A   [8]  28 00 31 00 00 00 00 A2
  can0  13F   [8]  00 DF 00 DF 00 00 00 2B
  can0  164   [8]  04 00 00 17 AA 00 00 94
  can0  17C   [8]  00 00 02 8B 00 00 00 2D
  can0  188   [6]  00 00 00 01 40 02
  can0  196   [8]  C3 7F 00 FF 43 80 0B 77
  can0  3F8   [8]  00 00 00 00 04 20 1B 7B
  can0  158   [8]  00 00 02 80 00 00 00 2E
  can0  136   [8]  00 00 00 00 00 00 00 3B
  can0  13A   [8]  28 00 31 00 00 00 00 B1
  can0  13F   [8]  00 DF 00 DC 00 00 00 3D
  can0  17C   [8]  00 00 02 98 00 00 00 3E
  can0  164   [8]  04 00 00 17 AB 00 00 A2
  can0  188   [6]  00 00 00 01 40 11
  can0  196   [8]  BE 7F 00 FF 59 80 04 35
  can0  3F8   [8]  00 00 00 00 02 20 14 C5
  can0  039   [2]  00 0C
  can0  158   [8]  00 00 02 85 00 00 00 38
  can0  136   [8]  00 00 00 00 00 00 00 0E
  can0  13A   [8]  28 00 31 00 00 00 00 84
  can0  13F   [8]  00 DF 00 DF 00 00 00 0D
  can0  164   [8]  04 00 00 17 AB 00 00 B1
  can0  17C   [8]  00 00 02 9A 00 00 00 0F
  can0  196   [8]  BD 7F 00 FF 5C 80 0D AE
  can0  3F8   [8]  00 00 00 00 02 20 1D 30
  can0  158   [8]  00 00 02 83 00 00 00 0D
  can0  136   [8]  00 00 00 00 00 00 00 1D
  can0  13A   [8]  28 00 31 00 00 00 00 93
  can0  13F   [8]  00 DF 00 E0 00 00 00 1A
  can0  17C   [8]  00 00 02 91 00 00 00 17
  can0  164   [8]  04 00 00 17 AB 00 00 84
  can0  188   [6]  00 00 00 01 40 3F
  can0  039   [2]  00 39
  can0  13F   [8]  00 DD 00 DE 00 00 00 2E
  can0  164   [8]  04 00 00 17 AB 00 00 93
  can0  17C   [8]  00 00 02 86 00 00 00 22
  can0  188   [6]  00 00 00 01 40 02
  can0  1D0   [8]  00 00 00 00 00 00 00 0A
  can0  1B0   [7]  00 0F 00 0A 00 00 12
  can0  1AA   [8]  7F FF 00 00 00 00 61 17
  can0  1A4   [8]  00 00 00 00 00 00 00 18
  can0  196   [8]  B6 7F 00 FF 6A 80 0F 8C
  can0  3F8   [8]  00 00 00 00 22 08 1F 15
  can0  158   [8]  00 00 02 7B 00 00 00 24
  can0  136   [8]  00 00 00 00 00 00 00 3B
  can0  13A   [8]  28 00 31 00 00 00 00 B1
  can0  13F   [8]  00 DF 00 DC 00 00 00 3D
  can0  17C   [8]  00 00 02 94 00 00 00 32
  can0  164   [8]  04 00 00 17 AA 00 00 A3
  can0  188   [6]  00 00 00 01 40 11
  can0  1D0   [8]  00 00 00 00 00 00 00 0A
  can0  1B0   [7]  00 0F 00 0A 00 00 21
  can0  1AA   [8]  7F FF 00 00 00 00 62 25
  can0  1A4   [8]  00 00 00 00 00 00 00 27
  can0  1DC   [4]  02 02 8E 04
  can0  039   [2]  00 2A
  can0  305   [2]  80 35
  can0  196   [8]  C0 7F 00 FF 72 80 09 0D
  can0  3F8   [8]  00 00 00 00 12 22 19 C4
  can0  158   [8]  00 00 02 7B 00 00 00 06
  can0  136   [8]  00 00 00 00 00 00 00 1D
  can0  196   [8]  C3 7F 00 FF 43 80 02 82
  can0  3F8   [8]  00 00 00 00 06 29 12 9B
  can0  158   [8]  00 00 02 7D 00 00 00 13
  can0  136   [8]  00 00 00 00 00 00 00 2C
  can0  13A   [8]  28 00 31 00 00 00 00 A2
  can0  13F   [8]  00 DF 00 DD 00 00 00 2D
  can0  17C   [8]  00 00 02 93 00 00 00 24
  can0  188   [6]  00 00 00 01 40 02
  can0  1DC   [4]  02 02 93 1D
  can0  196   [8]  B6 7F 00 FF 41 80 0B 48
